"itemId","star","content","createTime"
1340001,5,"给婆婆搬新家买的，婆婆特喜欢，让我们也买一个，说用着特好用，决定再入手一个",2018-08-22 11:53:54
1340001,5,"很喜欢这个锅哈哈哈哈",2018-05-23 21:26:56
1340001,5,"这又是给姐姐买的，看我用太好，给她买了3<U+20E3><U+FE0F>囗鍋了！",2018-05-30 21:56:21
1340001,5,"锅还没用看着不错，比想象中的小了点，，轻便小巧，用后追加",2018-06-27 21:27:54
1340001,5,"好好好用，第二个了，又轻又不沾，每天早上煎蛋多好。",2018-08-12 19:35:55
1340001,5,"质量不错，煎炒烹炸方便不粘锅，手感还很好，用了半个月和新的一样",2018-04-30 16:33:37
1340001,5,"轻便无油烟，超赞",2018-08-23 07:44:13
1340001,5,"超好用的锅～",2018-08-16 14:47:18
1340001,5,"刚收到，看着不错",2018-08-15 12:40:19
1340001,5,"有点小，而且才两个小圆点出口，对于一元换购的东东已经是不错了。就是不知道装些啥⊙<U+2200>⊙？",2018-03-29 13:26:15
1340001,5,"严选家买了好多东西了，质量真的有保证，好用不贵，初学做饭，得有个好用的锅，轻，真的不粘，不用忙活的手忙脚乱最后一片炭黑",2018-07-29 11:18:55
1340001,5,"好用，真的，煎食物的时候也不必像以前那样放好多油了。",2018-06-08 11:12:50
1340001,4,"物流速度快，包装严谨，产品精美。",2018-08-07 21:35:01
1340001,5,"红点设计很特别",2018-08-04 16:41:49
1340001,5,"好喜欢，刚刚用来煎牛排，效果棒棒的，好评",2018-07-30 18:11:17
1340001,5,"值得期待的严选，从来没有让我失望过，好看好看，适合我这种没力气的",2018-04-16 14:10:18
1340001,5,"收到后就用了非常好！等我回家后再买一个！",2018-07-11 12:26:31
1340001,5,"不错 不粘锅",2018-07-13 20:46:05
1340001,5,"实物与图片一模一样，非常非常喜欢。",2018-06-18 08:21:27
1340001,5,"自从用了这款锅，我都喜欢上了做饭",2018-06-10 13:01:00
1340001,5,"表面纹路细致，做工精细，美观大气。单手拎锅也不重。",2018-05-30 10:37:19
1340001,5,"可以",2018-06-08 23:24:58
1340001,5,"没有油烟也不粘锅，一到就马上做了一个蛋炒饭，味道很好",2018-04-29 18:15:06
1340001,5,"很好用。关键还不贵！",2018-06-05 22:18:32
1340001,5,"锅好不好，菜说了算",2018-06-02 15:03:38
1340001,5,"用了几天了，真是不错，确实不粘，还可以做烤冷面，哈哈哈",2018-04-19 22:19:55
1340001,5,"一般般一般般一般般。",2018-05-17 19:36:31
1340001,5,"",2018-05-13 16:22:17
1340001,5,"非常好的锅，不粘，少烟",2018-05-06 16:51:29
1340001,5,"分量挺重，无油煎鸡蛋真不粘锅哈哈。非常好",2018-04-29 16:51:53
1340001,5,"很好，不知道用久了会如何",2018-05-01 17:36:42
1340001,5,"很好，要自己再配上一个木勺，严选也有",2018-04-27 23:01:03
1340001,5,"看起来很不错～今晚试试",2018-04-30 18:06:25
1340001,5,"盒子好大 信任严选",2018-04-28 12:47:20
1340001,5,"看着不错 质量也不错 就看能用不多久了",2018-04-11 20:01:34
1340001,5,"超级好用啊，确实不粘锅",2018-04-12 12:44:07
1340001,5,"这个质量 大家看看吧！ 难道严选有人刷好评？",2018-04-10 00:35:40
1340001,5,"看看还可以，还没用",2018-04-11 19:30:18
1340001,5,"质量非常好，与卖家描述的完全一致，非常满意,真的很喜欢，完全超出期望值，发货速度非常快，包装非常仔细、严实，物流公司服务态度很好，运送速度很快，很满意的一次购物",2018-04-07 05:57:28
1340001,5,"非常满意，为严选打call",2018-04-08 12:41:16
1340001,5,"很袖珍，但颜值高",2018-04-04 23:41:41
1340001,5,"挺好用的颜值我不错",2018-03-30 10:05:43
1340001,5,"质量很好，收到就煎了牛排，鸡蛋，一点没有粘锅。",2018-03-22 21:50:26
1340001,5,"挺好的",2018-03-26 00:25:09
1340001,5,"",2018-03-19 21:15:47
1340001,5,"非常好用，现在每天都用来煎鸡蛋，居家旅行必备产品 还能用来防身&gt;3&lt;",2018-02-24 16:07:33
1340001,5,"锅用了，很好用，不粘锅，而且没有油烟，以后还好继续购买，我一直信任严选",2018-02-20 09:19:08
1340001,5,"非常感谢京东快递哥过年期间送货，比预期的还要早。非常喜欢锅，洗好马上用",2018-02-19 11:47:49
1340001,5,"非常好的锅子，炒菜不沾的，可以少放油，吃的健康，还轻",2018-06-04 20:20:14
1340001,5,"还没用，包装很细致。严选的包装就是这么一丝不苟，喜欢！周末煎饺子试试。",2018-07-24 22:51:39
1340001,5,"很不错，好用，烙饼神器，使用很多次了，太赞",2018-07-30 07:39:47
1340001,5,"和抖音描述一样，简直不粘！",2018-08-02 19:39:16
1340001,5,"颜值高，听家婆说用起来不错",2018-07-19 22:33:39
1340001,5,"包装很精美，快递速度快，非常满意的的一次购物。",2018-03-10 11:58:17
1340001,5,"严选买的放心，使用情况也不错，给个好评！",2018-03-11 14:16:49
1340001,5,"非常很好 喜欢<U+0001F495><U+0001F60D><U+0001F60D>",2018-03-12 20:23:09
1340001,5,"很喜欢很实用",2018-03-09 23:07:55
1340001,5,"看上去很精致，结实，涂层闪亮，用后再来追评",2018-02-23 18:23:41
1340001,5,"份量不轻，适用电磁炉和燃气炉，可惜没盖送，晚上试试煎蛋",2017-12-21 17:53:58
1340001,5,"不沾煎锅质量好，用着放心，给好评",2018-02-22 19:29:45
1340001,5,"这款不粘锅非常好用",2018-02-20 16:20:23
1340001,5,"以前炒豆腐就粘锅 ，这个锅相当不错",2018-02-18 18:09:29
1340001,5,"装修囤货，还没用，但包装高大上，第一感觉挺好。",2018-01-31 23:15:50
1340001,5,"锅子很沉，洗了一下，就手酸。无油烟真的非常棒，以后再也不怕做饭满身油味了。真的是不粘锅。",2018-08-19 18:34:00
1340001,5,"刚刚到货就用起来，很好用哦！无烟不粘锅！",2018-02-04 19:03:29
1340001,5,"品质一如既往的好",2018-02-09 16:57:50
1340001,5,"不粘。就是没盖子有点不方便。炒青菜有点小了。炒各种肉跟煎炸还是很方便的。",2018-08-04 08:59:19
1340001,5,"有分量，期待使用效果～",2018-02-03 15:33:57
1340001,5,"锅一到手，中午就用来煎牛排了。黄油很快就化开，没有什么油烟，很好用！",2018-08-22 16:56:38
1340001,5,"锅不大，用起来还不错，两个人炒俩菜也就够啦。就是夏天太热，基本不做饭…",2018-07-27 15:26:00
1340001,5,"好看 品质不错",2018-05-09 12:16:00
1340001,5,"质量很好的煎锅，省油，油烟少，完全不粘，重量也不重，单手可以拿起，信赖严选~",2018-07-08 10:41:05
1340001,5,"大爱严选！今天下单晩上就到了！给京东快递师傅赞一个！这么晚了还在工作，真是辛苦了！谢谢！之前买了好几只锅了，都好用！现在家里的锅碗瓢盆床上用品及日用品到零食衣物等等，凡是严选有卖的绝不会到别家买！忠实的严粉！",2018-01-12 21:32:29
1340001,5,"因为同系列的“欧式精铸多用锅”用过真的不粘，所以也买了这个。",2018-08-22 00:17:08
1340001,5,"锅做工精细，已经剪过鱼了，新锅肯定是不粘的，希望不粘可以坚持久一点。",2018-07-27 04:58:14
1340001,5,"非常满意。",2018-01-04 16:52:29
1340001,5,"特意用过一段时间再来评价，用一点点油就顾够了，一点也不沾，很好用。",2018-07-20 14:49:48
1340001,5,"看着不错，价格也还便宜，看了大家的评价决定下手了。还没用，体验之后再发表意见",2018-06-24 13:08:16
1340001,5,"锅很不错，厚实，不粘锅",2017-12-24 22:01:34
1340001,5,"是真的不沾，已经用了小半年，感觉用来煎炒都很合适，现在是家里使用率最高的锅",2018-06-09 23:46:11
1340001,5,"这个真的是开启了新世界的大门，本来想买炒菜锅结果买错了。从此过上了无油生活",2018-05-31 09:22:48
1340001,5,"锅子比较有分量，手拿着，就是质量好的锅。用后更是没话说，不沾，很好清洁。赞一个。",2018-06-14 15:39:52
1340001,5,"老朋友。我又来你店光顾了，久了没来，生意看来还真不错哦。努力哦!",2018-07-21 00:43:49
1340001,5,"希望能够保护好涂层 这样就可以一直不粘锅 东西很好 牛排 鸡肉 鸡蛋 全都不粘",2018-08-14 16:48:17
1340001,5,"此锅乃海外寒铝精铸，煎蛋不粘，锅宽28CM，净重二斤二两。
好锅。
本就是好锅",2018-06-12 19:32:51
1340001,5,"锅体厚实，导热均匀，煎东西少油不粘。颜值也非常在线，这个价格非常不错了",2018-06-06 14:42:44
1340001,5,"煎锅！本来要买的是炒锅！没注意看！不过既来之则安之吧<U+0001F604>给个好评先！",2018-04-27 08:36:21
1340001,5,"就是重了点，很好用，煮什么都不粘，抹布一抹布就干净。",2018-08-11 13:04:45
1340001,5,"非常好用的锅，不沾，外包装优雅，物美价廉，严选购物，静而不失品味的感觉！",2018-06-04 11:05:48
1340001,4,"锅不错，虽然还没用但感觉不错。调味瓶比想象的小很多，只能放在餐桌上用于粉末状的调味品。",2018-03-27 08:57:27
1340001,5,"很不错的煎锅，提起很有分量，煎蛋也基本不粘，性价比很高<U+0001F44D>",2018-04-09 12:20:59
1340001,5,"非常好用，不沾好清洗，不重拿着方便，建议再出26cm的更适合一个人用",2018-03-26 18:07:38
1340001,5,"这口锅买了两个了，自己家一个，老妈家一个，老妈说超级好用，一点油烟都没有。唯一的缺点就是小了一点点。",2018-08-04 18:09:19
1340001,5,"煎锅质量好，早上煎个蛋啥的都很不错，严选家的厨房用哦都不错",2018-04-23 22:15:03
1340001,5,"第一次购买网易严选，速度挺快。看着挺好，待用或再看看，习惯好评先。",2018-06-08 22:03:06
1340001,5,"来自马来西亚的Joanna Joseph，拥有印度血统，今年21岁的她已经获得多个选美大赛的奖杯，是一名标准的女神，她刚获今年度印度环球小姐的亚军",2018-08-16 21:08:20
1340001,5,"面容姣好、身材修长，21岁的广东姑娘刘湘这两年圈了不少粉，不过冷静的刘湘却一再表示“要拿成绩来证明自己”，让实力超过自己的颜值",2018-08-22 11:18:27
1340001,5,"还不错，真的不粘锅，就是比想象中的小，拿来炒菜不适合，煎炸为主",2018-04-13 15:48:31
1340001,4,"还未用，很多使用方法与平时使用习惯不习惯，需要仔细看看才行",2018-06-20 18:14:38
1340001,5,"质量很好，就是不带锅盖，好评~(<U+00A0><U+232F><U+1DC4><U+0BF0><U+232F><U+1DC5><U+00A0>)",2018-08-10 11:33:00
1340001,5,"挺好的，质量好，快递速度也快，严选东西还是挺可以的",2018-06-30 16:38:36
1340001,5,"很满意，质量还是挺好的，不是超市那种特别轻的。",2018-08-04 17:22:15
1340001,5,"质量非常好，真出乎我的意料，包装非常仔细，非常感谢，祝生意兴隆!",2018-07-19 14:12:21
1340001,5,"锅收到了，还没用，应该会不好用吧，不过调味瓶不错，简单，挺有创意。",2018-04-18 17:26:34
1340001,5,"不错不错不错不错不错不错不错不错。不错不错不错不错不错不错不错不错",2018-07-18 11:06:27
1340001,5,"收到货一段时间了，真的超级好用，严选值得信赖",2018-08-13 00:36:01
1340001,5,"很喜欢 很精致的锅 是我喜欢的款式和质量 感谢老板",2018-07-31 14:55:00
1340001,5,"邓小平出生于在广安县协兴乡牌坊村。16岁时，他与近200名勤工俭学生一同奔赴法国。虽然没上过大学，但5年的欧洲游学经历让他对现代化有了深入的了解。",2018-08-22 11:17:09
1340001,5,"好棒啊",2018-08-23 01:24:18
1340001,5,"锅子不错，很喜欢",2018-08-22 10:54:19
1340001,5,"好的",2018-08-22 17:52:16
1340001,5,"不错",2018-08-22 18:40:47
1340001,5,"严选的东西就是好，还没使用，相信好质量",2018-08-19 09:04:39
1340001,5,"非常不错哦，已经使用过了",2018-08-21 07:56:25
1340001,5,"这锅质量不错，好过苏泊尔的，值得购买！",2018-08-20 20:55:01
1340001,1,"第一次给差评～锅收到～给父母用到～结果第一次用～把就掉了！发现原本锅上陪的螺丝太小了～扭上根本不结实～醉了！我爸第一次用要掂锅，把就掉了！差点烫着手～～这又自己在家找了个大螺丝装上了！希望以后出厂严格检查一下！！！",2018-08-19 18:49:17
1340001,5,"用过最好的锅了",2018-08-20 17:42:47
1340001,5,"锅很好，真的很满意",2018-08-20 11:08:11
1340001,5,"还没用，应该还行。",2018-08-20 10:40:41
1340001,5,"看起来不错 还没用",2018-08-20 22:50:47
1340001,5,"很好",2018-08-20 22:22:15
1340001,5,"很好，",2018-08-20 08:12:06
1340001,5,"好",2018-08-20 19:12:59
1340001,5,"好",2018-08-20 13:24:00
1340001,5,"不错<U+0001F44D>,就是发货有点慢！",2018-08-20 11:59:35
1340001,5,"严选的东西都很不错。",2018-08-19 20:43:36
1340001,5,"真的太好用了。",2018-08-19 18:19:43
1340001,5,"非常不错啊，已经中毒！。",2018-08-19 08:52:03
1340001,5,"售后服务很好",2018-08-19 20:50:12
1340001,5,"质量一如既往地好。",2018-08-19 10:31:51
1340001,5,"真心好!",2018-08-19 16:48:11
1340001,5,"满意",2018-08-19 08:00:31
1340001,5,"很好用，真的一点都不粘，天天早晨给孩子煎蛋，方便",2018-07-07 20:23:43
1340001,5,"这么便宜的价格，这个质量很划算",2018-08-18 09:53:38
1340001,5,"很棒的平底锅，几乎每天都要用到",2018-08-17 08:28:28
1340001,5,"好的不错",2018-08-18 10:03:25
1340001,5,"好用",2018-08-18 16:23:22
1340001,5,"不错",2018-08-18 09:46:49
1340001,5,"锅用起来真的不错，没话说",2018-08-17 18:25:42
1340001,5,"一如既往的高性价比，我爱严选！",2018-08-16 06:27:10
1340001,5,"不错非常好用",2018-08-17 22:17:13
1340001,5,"好好好好好好好好",2018-08-17 19:43:52
1340001,5,"蛮好用",2018-08-17 22:56:36
1340001,5,"很好",2018-08-17 10:49:16
1340001,5,"很不错",2018-08-17 09:57:26
1340001,5,"非常好",2018-08-17 20:50:27
1340001,5,"给老人家用的，质量不错，不粘锅底",2018-08-16 10:58:18
1340001,5,"卖家人真的好好哦，太感谢了!",2018-08-16 15:13:01
1340001,5,"锅真的不错，关键是要先把说明书看仔细了再用噢<U+0001F60A>",2018-05-24 21:53:00
1340001,5,"刚收到晚些时候作评价",2018-08-16 16:11:51
1340001,5,"锅是相当不错 比宜家的好不少",2018-08-15 09:03:07
1340001,5,"不错的样子",2018-08-16 12:30:09
1340001,5,"不好意思评价晚了，看着挺不错的，严选的东西都挺好的呀",2018-06-15 19:25:36
1340001,5,"是我喜欢的，不错<U+0001F44D>",2018-08-15 17:29:04
1340001,5,"很好用。超值",2018-08-15 11:26:28
1340001,5,"东西不错，非常满意！",2018-08-15 01:07:06
1340001,5,"锅很不错",2018-08-15 08:09:56
1340001,5,"很喜欢，质量杠杠滴！",2018-08-14 16:08:22
1340001,5,"好",2018-08-14 11:22:39
1340001,5,"超棒的锅，用电磁炉再也不用担心糊锅底了",2018-07-28 14:48:49
1340001,5,"不重，三口之家大小正合适",2018-08-13 15:57:59
1340001,5,"和想象的一样好",2018-08-13 20:01:30
1340001,5,"很喜欢的",2018-08-13 11:15:55
1340001,5,"真是好锅！",2018-08-13 21:11:11
1340001,5,"挺好",2018-08-13 14:23:34
1340001,5,"确定不沾好用后马上又给朋友买一个",2018-08-08 12:52:14
1340001,5,"很厚实，好用",2018-08-12 10:29:12
1340001,5,"颜值不错，质量也棒棒哒～",2018-08-11 19:42:53
1340001,5,"有份量的不粘锅，很好",2018-08-11 13:51:34
1340001,5,"确实不粘",2018-08-11 10:06:09
1340001,5,"棒棒！",2018-08-11 00:40:17
1340001,5,"蛮好的，就是稍微浅了一些",2018-08-10 23:48:27
1340001,5,"好东西，相信考拉",2018-08-10 19:02:22
1340001,5,"太小了，还没有用。",2018-08-12 02:13:35
1340001,5,"不错",2018-08-10 17:22:59
1340001,5,"很好用的平底锅",2018-08-09 00:10:59
1340001,5,"好用好用",2018-08-09 13:30:43
1340001,5,"要是送个铲子和玻璃锅盖就好了。",2018-08-13 13:20:55
1340001,5,"很好用的，真的不粘",2018-08-08 00:26:31
1340001,5,"满意",2018-08-08 06:42:05
1340001,5,"这个价格很实惠",2018-08-07 09:45:02
1340001,5,"超级棒",2018-08-07 10:54:04
1340001,5,"可以可以",2018-08-07 23:52:51
1340001,5,"锅不错 很有质感",2018-08-06 18:51:05
1340001,5,"不粘锅",2018-08-06 22:57:43
1340001,5,"用油少，而且真的不粘锅。虽然锅底不算深，但是炒两人份的菜足够用了。",2018-08-12 15:27:07
1340001,5,"不错",2018-08-06 21:09:23
1340001,5,"非常好用，分量比较足，另外就是希望能用得久一点，涂层不要掉……",2018-06-06 12:07:43
1340001,5,"煎了一次排骨，很好用呀",2018-08-05 22:45:22
1340001,5,"比想象中大一点儿，外包装上标注尺寸是28CM，实际锅内直径未知，目测在24寸以上，涂层均匀，质量好，做工扎实，锅柄牢靠（有点儿灰迹显得脏，应该是包装时没有清干净），整体感觉略重，可能对于女性操作使用略有不便。
加热后锅体传导热量较快，试煎了飞饼效果不错，没有油烟，受热相对均匀，不易糊。",2018-08-08 11:41:45
1340001,5,"锅真的不粘，看能保持多久了",2018-08-11 20:14:37
1340001,5,"特价活动买的，送老人了，希望好用",2018-08-04 21:30:09
1340001,5,"挺好的",2018-08-05 20:51:16
1340001,5,"想买个不粘锅，冲着严选这品牌，才放心购。但这锅太让人失望了，瞧，总共用了不到10次，就脱皮成这样，而且并没用硬质铲，一直用木质铲。强烈给差评。",2018-08-08 13:37:54
1340001,5,"很棒",2018-08-05 15:31:48
1340001,5,"好",2018-08-05 09:06:26
1340001,5,"可以",2018-08-05 08:42:10
1340001,5,"真的不粘，无油烟，超赞，现在绝对严选粉",2018-08-02 10:49:17
1340001,5,"质量好，小巧实用，还不错，比想像中的小些，满意",2018-07-25 09:05:37
1340001,5,"好用，不沾，外观简洁",2018-08-03 23:54:29
1340001,5,"还不错，煎东西不粘锅",2018-08-03 21:13:47
1340001,5,"不重",2018-08-03 08:47:35
1340001,5,"抖音看到的就来买了",2018-08-02 17:30:17
1340001,5,"还没有用 看起来不错 不重",2018-08-02 14:27:52
1340001,5,"包装很有情怀！还没使用",2018-08-02 01:28:06
1340001,5,"挺不错，但总感觉贵了。",2018-08-02 16:42:37
1340001,5,"煎牛排好用，不用加油",2018-08-02 20:43:20
1340001,5,"好用",2018-08-02 18:35:44
1340001,5,"用了一段时间，感觉不错，锅体大小适中，锅柄拿着舒适。",2018-06-21 08:20:19
1340001,5,"还没使用，期待",2018-08-01 09:02:37
1340001,5,"很好！不错",2018-08-01 10:52:48
1340001,5,"还不错",2018-07-26 10:23:44
1340001,5,"使用方便",2018-08-01 21:56:28
1340001,5,"质量不错，就是有点重",2018-07-31 14:15:14
1340001,5,"东西的确不错，实用又好用",2018-07-30 21:24:52
1340001,5,"第二次购买了，太实用了",2018-07-30 07:40:24
1340001,5,"老人家用着还不错",2018-07-30 10:03:50
1340001,5,"质量超好，特满意",2018-07-30 12:49:34
1340001,5,"好好好好好好",2018-07-30 12:38:35
1340001,5,"好",2018-07-30 14:47:51
1340001,5,"好",2018-07-30 22:29:28
1340001,5,"非常好的锅，煎牛排很不错",2018-07-29 16:03:49
1340001,5,"还没用，看起来很不错",2018-07-29 12:29:40
1340001,5,"调味瓶太棒了，真的不粘锅",2018-07-29 22:24:57
1340001,5,"好用，不沾",2018-07-29 11:41:01
1340001,1,"宣传说煎鸡蛋不用油 然后我试了一下 给也考虑买这个锅的人看看清楚 真是不粘锅！！！",2018-07-29 22:23:25
1340001,5,"好",2018-07-29 23:32:34
1340001,5,"早餐用它做的蔬菜饼，好吃<U+0001F60A>！又快又省心",2018-07-02 19:18:46
1340001,5,"煎鱼必备，还是德国的。",2018-07-28 20:40:52
1340001,4,"表面不平，有几个小点凸起，应该不影响使用",2018-07-30 19:49:26
1340001,5,"很喜欢<U+0001F60D>",2018-07-28 11:09:03
1340001,5,"好好好好好好好好",2018-07-28 19:58:40
1340001,5,"不错哦。",2018-07-28 10:13:53
1340001,5,"不错，很好用，看着很结实",2018-07-27 19:19:57
1340001,5,"小鸡小鸡小宝贝",2018-07-27 15:14:56
1340001,5,"完全不粘",2018-07-31 23:15:23
1340001,5,"好评",2018-07-27 11:15:31
1340001,5,"好",2018-07-27 15:16:18
1340001,5,"质量特别好 非常喜欢喜欢喜欢 性价比很高 大牌品质 质量很好 推荐了很多朋友 都很喜欢 口碑不错 严选的品质值得信赖 喜欢喜欢喜欢 好的生活没那么贵",2018-07-24 21:56:21
1340001,5,"看着还不错，用来还可以",2018-07-26 13:01:44
1340001,5,"看起来不错还没用",2018-07-26 11:09:40
1340001,5,"帮朋友回购的",2018-07-26 21:50:10
1340001,5,"蛮好用",2018-07-26 12:03:44
1340001,5,"还不错",2018-07-26 17:05:40
1340001,5,"不错",2018-07-26 14:21:39
1340001,5,"超级好用，而且不沾",2018-07-25 15:01:53
1340001,5,"用着很好，所以一连买了三个！",2018-07-24 17:59:17
1340001,5,"给我妈买的",2018-07-25 01:53:01
1340001,5,"好用，不粘。",2018-07-25 15:42:06
1340001,5,"非常好",2018-07-25 10:01:31
1340001,5,"好",2018-07-25 14:45:47
1340001,5,"用了好久，好用好用",2018-07-24 15:27:53
1340001,5,"很好用",2018-07-24 23:34:25
1340001,5,"速度很快。服务很好。",2018-07-23 23:52:30
1340001,5,"感觉蛮好的",2018-07-23 22:44:51
1340001,5,"挺好的",2018-07-23 19:11:30
1340001,5,"好",2018-07-23 22:00:56
1340001,5,"不粘锅很好用，可以烤肉，不糊锅！",2018-07-22 10:31:35
1340001,5,"东西很漂亮，卖家服务态度很好，下次还来，",2018-07-20 14:32:07
1340001,4,"锅用来煎东西比较合适，不过，如果用在燃气灶上，需要把火调到小档，要不然把手位置会被烤焦，有很大的焦味，建议做修改。",2018-07-28 11:54:51
1340001,5,"老爸老妈用的很满意",2018-07-22 08:42:00
1340001,5,"很轻，还没开始用，期待效果",2018-07-22 02:44:15
1340001,5,"这款快写快写没",2018-07-22 13:33:44
1340001,5,"买完几个小时就降价38快<U+0001F62D>，伤心T_T，写着煎锅，可以拿来炒菜吧？",2018-07-26 22:02:58
1340001,5,"轻巧好用，非常满意",2018-07-22 12:57:01
1340001,5,"十分满意。完全不粘锅，大小合适。给妈妈也买了一个",2018-07-17 00:23:43
1340001,5,"非常好的锅子",2018-07-20 22:33:18
1340001,5,"锅还不错",2018-07-20 15:33:07
1340001,5,"很好",2018-07-19 10:36:10
1340001,5,"很好用，炒饭一点也不粘",2018-07-18 14:35:47
1340001,5,"不错<U+0001F44D>，很好用",2018-07-18 22:31:14
1340001,5,"一如既往的好",2018-07-18 13:48:36
1340001,5,"好",2018-07-18 17:00:36
1340001,5,"质量不错",2018-07-17 20:10:47
1340001,5,"非常好",2018-07-17 12:38:31
1340001,5,"好",2018-07-17 14:00:37
1340001,5,"今天早上用了，感觉老好老好的了，果断放弃那个新买的重的要死的铁锅。质量很好，轻重适宜，不粘无油烟！",2018-05-05 11:58:26
1340001,5,"第二次买了，好锅好用。",2018-07-16 22:21:05
1340001,5,"好用",2018-07-16 22:16:53
1340001,5,"不沾效果很好，性价比高",2018-07-15 23:37:02
1340001,5,"拿着很舒服 用完追评",2018-07-15 14:59:33
1340001,5,"超实用",2018-07-15 10:40:27
1340001,5,"不错",2018-07-15 22:10:38
1340001,5,"为了马桶垫冲的会员 目前看还不错 物有所值",2018-07-06 22:19:43
1340001,5,"用了很久才评价，锅不错，除了浅了点。",2018-07-10 10:45:16
1340001,1,"今天是7.23我是今天刚刚收到的货。用软的海绵清洗过一遍之后，上火煎了一个鸡蛋，我没有空烧锅。现在问题来了，这锅到底是什么情况？？在煎蛋的时候我几乎都没怎么动过这个锅，怎么锅底部就刮成这样了？，然后锅里面的图层我用的是木铲子翻面，发现也这样了，能麻烦解释一下么？？还有，如果是这样的话，涂料很有可能吃进肚子里，确定是安全的？？你们说明书上Q4写的是合格不粘锅的涂层是绝对安全无毒的，请问我拿到的锅是合格的么？？",2018-07-23 20:24:41
1340001,5,"不粘锅的质量非常棒",2018-07-14 08:56:49
1340001,5,"试用了，挺好的。就是比较结实，略重了点，单手拿有点点吃力。",2018-07-20 16:14:16
1340001,5,"不錯，不錯",2018-07-14 10:14:25
1340001,5,"货真价实",2018-07-14 09:10:16
1340001,5,"好",2018-07-14 18:56:09
1340001,5,"老婆说好用",2018-07-13 11:33:09
1340001,5,"手感很好，没发现瑕疵，京东物流还是很给力的。其他用一用再说",2018-07-23 09:46:34
1340001,5,"很好用",2018-07-13 13:04:31
1340001,5,"质量好，物流快",2018-07-12 19:59:47
1340001,5,"东西还不错哦，只是买了没多久又降价了",2018-07-19 20:27:54
1340001,5,"好",2018-07-12 13:54:13
1340001,5,"实用",2018-07-12 07:17:39
1340001,5,"高颜值，有锅盖就更好了",2018-07-11 16:19:34
1340001,5,"实用再次帮同事购买",2018-07-10 16:46:40
1340001,5,"挺好用的，不是很重，需要保养",2018-07-09 20:28:06
1340001,5,"不错不错错错错错真的不错",2018-07-09 11:44:45
1340001,5,"看着很不错，等用用看",2018-07-09 22:37:57
1340001,5,"果然一点都不沾",2018-07-09 19:33:29
1340001,5,"很好",2018-07-09 17:22:10
1340001,5,"非常满意",2018-07-09 09:09:03
1340001,5,"轻巧实用 不沾 导热快 很好的锅子",2018-07-08 00:01:43
1340001,3,"退货到现在都没人来取货，还不能自己选择顺丰物流？这个差评给京东",2018-07-17 23:15:24
1340001,5,"不错，很厚实，也不粘，大小合适",2018-07-08 15:20:57
1340001,5,"用起来很舒服",2018-07-08 09:39:13
1340001,5,"这个锅真好",2018-07-08 11:46:33
1340001,5,"十二万分满意",2018-07-08 08:08:41
1340001,5,"好",2018-07-08 13:10:39
1340001,5,"非常好，质量不错！",2018-07-07 13:19:32
1340001,5,"很实用",2018-07-07 00:12:10
1340001,5,"好用",2018-07-07 12:08:00
1340001,5,"嗯，不错",2018-07-07 18:38:24
1340001,5,"煎蛋很方便",2018-07-06 09:53:17
1340001,5,"不错",2018-07-06 15:50:09
1340001,5,"很好用，清洗方便。",2018-07-05 13:38:29
1340001,5,"还不错，好用。。。。",2018-07-05 14:30:20
1340001,5,"好的",2018-07-05 19:35:06
1340001,5,"不错",2018-07-05 02:58:37
1340001,5,"大小刚好是我要的，超级好用，一点不比商场299的差",2018-05-26 01:16:33
1340001,5,"大小正好，做工精细，秒杀价买的 ，物超所值，值得拥有！",2018-06-18 21:15:13
1340001,5,"看着很精致，应该还不错",2018-07-03 10:12:27
1340001,5,"这个锅确实不错。忘记拍照了哈哈",2018-07-03 10:47:39
1340001,5,"挺好的，质量好，快递快，颜值高",2018-07-02 16:25:02
1340001,5,"外观看上去还不错",2018-07-02 17:48:25
1340001,5,"好",2018-07-02 16:12:18
1340001,5,"赞",2018-07-02 10:20:15
1340001,5,"宝贝手感很好，愿使用效果更好",2018-07-01 08:29:18
1340001,5,"好用，好打理，非常满意！",2018-07-01 08:17:59
1340001,5,"第二个了，买来送给婆婆的",2018-07-01 19:59:15
1340001,5,"还没用，觉得蛮好。",2018-07-01 13:32:33
1340001,5,"锅不错",2018-07-01 11:16:47
1340001,5,"tinghaode",2018-06-30 11:55:29
1340001,5,"好好好",2018-06-30 16:30:14
1340001,5,"好用",2018-06-30 13:07:31
1340001,5,"做工很精细！网易严选，值得信赖！",2018-06-29 18:06:13
1340001,5,"非常好的不粘锅，喜欢。",2018-06-29 18:20:22
1340001,5,"放假放假酒店",2018-06-29 18:47:57
1340001,5,"挺好的，但是比想象的沉，想要个轻点的",2018-06-13 10:05:13
1340001,5,"给妈妈买的，看起来很好",2018-06-28 16:10:08
1340001,5,"品质好，非常结实。",2018-06-28 23:21:45
1340001,5,"意想不到的好用",2018-06-28 17:39:12
1340001,5,"很好！",2018-06-28 22:29:13
1340001,5,"过收到货后用了一段时间质量做工确实值得称赞",2018-06-19 12:49:47
1340001,5,"挺好用的，煎鸡蛋不用放油",2018-06-27 15:02:57
1340001,5,"11111111111",2018-06-27 00:55:31
1340001,5,"煎鸡蛋真的不沾",2018-06-26 18:02:30
1340001,5,"第二次购买了，很好用",2018-06-26 19:38:34
1340001,5,"这个超级好用，推荐",2018-06-26 10:11:07
1340001,5,"好",2018-06-26 08:40:19
1340001,4,"用了<U+2796>100的券，还以为是炒锅，结果是煎锅，感觉图片误导人啦，也有我自己没看清。重要的是订单取消 优惠券就不退还，不退还，不退还，重要的事情说三遍，太不爽啦。",2018-07-07 08:54:18
1340001,5,"还可以，有点溅油啊，是正常的吗",2018-06-25 10:09:02
1340001,5,"感觉不错，性价比很高",2018-06-25 16:29:35
1340001,5,"回购商品，不粘好用",2018-06-25 10:11:48
1340001,2,"新锅拿到号用海绵洗了锅，然后放入油点火加热，把第一次的油倒出来用厨房纸擦锅时，纸上全是黑屑屑，用木铲居然有划痕，涂层质量太差了。",2018-07-03 09:24:57
1340001,5,"高质量",2018-06-24 16:15:38
1340001,5,"第二次买此锅，还赶上了特价。除了需要自己配个锅盖，别的都很好。",2018-07-01 11:47:10
1340001,5,"好",2018-06-24 22:32:56
1340001,5,"还没用看着还可以",2018-06-23 16:01:00
1340001,5,"质量很好！谢谢严选！",2018-06-23 14:28:54
1340001,5,"非常满意，质量好",2018-06-23 17:10:11
1340001,5,"挺好的",2018-06-23 00:25:17
1340001,5,"好用的",2018-06-23 12:25:13
1340001,5,"可以，质量不错",2018-06-23 00:18:57
1340001,5,"买小了，退货很顺利",2018-06-30 15:41:42
1340001,5,"不错",2018-06-23 09:11:57
1340001,5,"还没用 但是看起来很好",2018-06-22 14:22:11
1340001,5,"已经用一段时间了很好用",2018-06-22 02:25:54
1340001,5,"不错，用来煎蛋很方便",2018-06-22 14:00:35
1340001,5,"特别好用！从此爱上做饭",2018-06-22 23:20:25
1340001,5,"准备新房子用的，应该不错。",2018-06-22 20:00:41
1340001,5,"锅内边上有个看似小沙粒的东西，手一扣掉涂层露点了，不知道算不算质量问题，早早收货了也没在意，以后用用看吧",2018-06-27 23:09:45
1340001,5,"严选的东西真的很棒",2018-06-22 00:32:17
1340001,5,"你",2018-06-22 19:55:21
1340001,5,"作为一款煎锅 还是可以的",2018-06-21 10:24:59
1340001,5,"锅还没用，但是做工不错",2018-06-21 16:48:40
1340001,5,"质量不错",2018-06-21 14:47:46
1340001,5,"好！就是有点味道",2018-06-30 10:44:23
1340001,5,"非常满意",2018-06-21 15:03:04
1340001,5,"我买过木柄的煎锅，好看但手感不好，这个更好用。
不知道有没有准备出30cm的，有玻璃盖的更好，有的时候煎油溅到外面",2018-06-29 10:46:20
1340001,5,"好用",2018-06-21 12:34:54
1340001,5,"好用！",2018-06-21 14:15:43
1340001,5,"不错",2018-06-21 18:42:35
1340001,5,"仔细看，这是煎锅",2018-06-20 13:38:11
1340001,5,"帮同事买的，不错",2018-06-20 03:33:06
1340001,5,"高端大气上档次",2018-06-20 13:37:33
1340001,5,"还行",2018-06-20 01:07:52
1340001,5,"质量不错。应该还是值得的。后续使用看看",2018-06-19 09:08:16
1340001,5,"不错不错~ 煎饼煎蛋都很方便~ 真的不粘呢",2018-06-11 09:10:27
1340001,5,"网易产品的品质值得信赖，做工精致，很满意！",2018-06-17 10:48:03
1340001,5,"非常好用，介绍好多人买",2018-06-19 22:21:13
1340001,5,"用了一下好不错。",2018-06-23 16:11:39
1340001,5,"好用",2018-06-19 14:00:07
1340001,5,"很厚实",2018-06-19 09:07:55
1340001,5,"确实不错",2018-06-12 14:08:17
1340001,5,"还没用，看起来还不错",2018-06-18 17:54:11
1340001,5,"锅看上去不止100多块的货色",2018-06-18 21:18:56
1340001,5,"质量过关",2018-06-18 12:01:30
1340001,5,"很好",2018-06-18 03:50:07
1340001,5,"收到后马上就用了，不粘好用",2018-06-17 05:40:29
1340001,5,"锅很喜欢，发现两个做菜也刚刚好合适，跟自己家28厘米的盖子也配套，用久了看看质量如何",2018-06-23 08:01:58
1340001,5,"用来煎豆腐摊鸡蛋皮超级好",2018-06-17 17:27:12
1340001,5,"好锅，超超喜欢",2018-06-17 13:22:54
1340001,5,"很好很满意",2018-06-17 22:25:33
1340001,5,"还没有用",2018-06-17 18:14:35
1340001,5,"很好用",2018-06-17 19:33:57
1340001,5,"已经用了好长时间了，确实不沾，好用",2018-06-12 19:22:51
1340001,5,"最近使用频率越来越高，煎鸡蛋很好！",2018-06-16 11:43:37
1340001,5,"性价比很高的一次购物",2018-06-16 22:26:04
1340001,5,"昨天试用了，非常好用，是真的不粘",2018-06-14 10:53:46
1340001,5,"高大上的一个锅",2018-06-16 22:04:14
1340001,5,"超好价",2018-06-16 21:03:09
1340001,5,"非常好用",2018-06-16 20:40:50
1340001,5,"为了牛扎糖买的，不粘",2018-06-15 21:07:03
1340001,5,"看着不错",2018-06-15 18:35:25
1340001,5,"很不错，感觉质量各方面都很不错",2018-06-14 19:48:56
1340001,5,"非常棒 相信严选里的东西",2018-06-14 16:06:44
1340001,5,"还没用看起来不错",2018-06-14 11:30:18
1340001,2,"涂层面有很大面积的明显划痕，用湿毛巾也擦拭不掉，而且商标的一角有明显曾被撕开过的褶皱。从这两点上看，有理由怀疑是曾被退货的残次品，懒得退货，但实在是非常失望的一次购物，第一次购物就留有这种印象，以后不会再买了。",2018-06-16 17:12:24
1340001,5,"好锅又不贵",2018-06-14 08:30:28
1340001,5,"超级好用的锅",2018-06-14 19:35:45
1340001,5,"非常好，不粘锅",2018-06-14 23:48:24
1340001,5,"好用",2018-06-14 10:35:21
1340001,5,"好",2018-06-14 14:43:02
1340001,5,"完美，爱上它6.18要给家人反单",2018-06-11 10:05:28
1340001,5,"第二次购买了，非常好用！",2018-06-13 21:55:23
1340001,5,"不大不小，很好",2018-06-13 13:58:59
1340001,5,"买了两次了！",2018-06-15 17:13:56
1340001,5,"还没用",2018-06-13 12:26:04
1340001,5,"<U+0001F929><U+0001F929><U+0001F929><U+0001F929><U+0001F929>",2018-06-12 11:19:43
1340001,5,"锅有点小，还不错",2018-06-12 22:29:48
1340001,5,"锅用着不错",2018-06-12 05:49:40
1340001,5,"特别好",2018-06-12 16:05:10
1340001,5,"锅看着还可以，期待试用中的效果",2018-06-11 07:53:42
1340001,5,"太好用了<U+0001F44D><U+0001F44D><U+0001F44D>",2018-06-11 22:25:42
1340001,5,"真的很满意，好用！",2018-06-11 13:23:33
1340001,5,"很好的，满意",2018-06-10 10:36:31
1340001,5,"很好用，很轻，一点都不粘",2018-06-09 15:25:56
1340001,5,"物有所值老婆很喜欢赞一个",2018-06-09 11:04:24
1340001,5,"好用",2018-06-09 08:43:31
1340001,5,"好用",2018-06-09 02:51:09
1340001,5,"真的不粘锅超好用",2018-06-08 17:18:54
1340001,5,"质量很好，咱",2018-06-08 12:43:28
1340001,5,"有重量，很不错",2018-06-08 08:14:33
1340001,5,"好用",2018-06-08 06:36:40
1340001,5,"还没用期待",2018-06-07 11:51:29
1340001,5,"非常好用，如果再加一个盖子就更加好了",2018-06-02 11:23:18
1340001,5,"不错，还是很喜欢的，这个价钱买的商品已经很满意了",2018-05-12 19:24:33
1340001,5,"还没用，应该不错",2018-06-05 12:20:02
1340001,5,"不错，哈哈<U+0001F604>",2018-06-05 19:14:59
1340001,5,"爸爸很喜欢用",2018-06-05 06:50:43
1340001,4,"发货很快",2018-06-05 13:38:55
1340001,5,"好！",2018-06-05 09:37:36
1340001,5,"很好，油烟少，给女朋友",2018-06-04 10:54:05
1340001,5,"够大，质量很好",2018-06-04 22:40:43
1340001,5,"超级好用非常喜欢不用放油又不粘锅",2018-06-03 16:01:56
1340001,5,"在严选买过不少东西，这口锅不好用，起烟，还是有点粘",2018-06-11 17:52:40
1340001,5,"这个锅太好用了！！！一点都不粘锅！！！",2018-06-03 09:42:55
1340001,5,"还没用，用过后再评价",2018-06-03 11:40:07
1340001,5,"质量好",2018-06-03 18:12:31
1340001,5,"不错",2018-06-03 17:12:40
1340001,5,"满意",2018-06-02 21:22:52
1340001,5,"锅还没用，目测不错，调料瓶感觉一般，盖子不是很紧，而且外观有瑕疵！",2018-06-07 21:50:15
1340001,5,"很棒的锅，不粘，重量刚刚好",2018-06-01 14:18:36
1340001,5,"试了下牛排，非常好！给666个赞<U+0001F44D>",2018-05-30 08:38:49
1340001,5,"锅子挺好的，妈妈喜欢",2018-06-01 17:17:59
1340001,5,"这个真的很好",2018-06-01 22:26:21
1340001,5,"就少了一点，有32寸就好了",2018-06-10 06:14:16
1340001,5,"28寸的平底不粘锅。试过了，真的不粘",2018-05-29 20:16:42
1340001,5,"使用后，觉得很好用。",2018-05-31 18:08:50
1340001,5,"非常满意",2018-05-31 21:21:58
1340001,5,"我要优惠券！",2018-06-07 21:14:18
1340001,5,"非常好，也很有分量，以后还会光顾",2018-05-30 19:10:32
1340001,5,"质量非常好，油烟少，不粘锅，用起来心情都很好<U+0001F44D>",2018-05-16 11:29:44
1340001,5,"质量很好，严选的品质真的很棒",2018-05-30 14:37:59
1340001,5,"锅子很好 可以煎牛排",2018-05-30 09:08:52
1340001,5,"一般还可以",2018-05-30 14:06:08
1340001,5,"不错",2018-05-30 11:17:22
1340001,5,"满意",2018-05-30 22:00:11
1340001,5,"还没用，相信严选的产品，用了再追评吧",2018-05-21 17:12:20
1340001,5,"给老妈买，已经用，不错",2018-05-29 13:34:53
1340001,5,"妈妈说锅的质量很好",2018-05-29 21:15:54
1340001,5,"确实不粘，煎牛排合适",2018-05-29 22:32:35
1340001,5,"挺好用",2018-05-29 22:43:36
1340001,5,"煎锅非常喜欢!给朋友又买了一个！",2018-05-28 17:42:50
1340001,5,"不错 麻麻说可以",2018-05-28 14:31:50
1340001,5,"轻，质量好",2018-05-28 12:31:12
1340001,5,"厚实！",2018-05-28 22:29:39
1340001,5,"阔以阔以",2018-05-27 00:12:13
1340001,5,"好好好好",2018-05-27 10:13:04
1340001,5,"好评",2018-05-27 12:26:03
1340001,5,"小巧",2018-05-27 14:43:48
1340001,5,"希望下次能煎出完整的豆腐哟",2018-05-26 17:29:20
1340001,5,"还没用，应该不错",2018-05-26 23:07:52
1340001,5,"已回购",2018-05-25 11:33:35
1340001,5,"和你满意，可以用很少的油炒菜了。真的不沾",2018-05-01 11:04:02
1340001,5,"很精致，只能装一人份的菜",2018-05-24 03:17:07
1340001,5,"烙鸡蛋饼很棒啊",2018-05-24 01:47:46
1340001,5,"还可以",2018-05-24 10:40:20
1340001,5,"不粘锅还是不错的，比超市的某些牌子好用多。",2018-05-15 21:30:28
1340001,5,"锅不错，已经买第二个了！",2018-05-23 17:58:23
1340001,5,"东西很不错 很喜欢啊",2018-05-23 21:19:36
1340001,1,"锅的包装也被打开过，不过忘记拍照片了",2018-06-01 21:04:21
1340001,5,"不粘锅真的很好用，做菜放油很少，煎东西不沾",2018-05-08 14:51:00
1340001,5,"不粘锅。在电磁炉上不能加太热，一般是慢火煎。还是有烟的，只是相对少点而已。重量适中，女生用无负担。",2018-05-30 20:35:50
1340001,5,"非常棒的锅",2018-05-22 20:32:12
1340001,5,"满意",2018-05-22 12:03:46
1340001,5,"质感超好，整体设计风格是我喜欢的，使用感也不错哦。",2018-04-28 02:40:37
1340001,5,"发货太快啦，还没用，看效果",2018-05-21 20:51:32
1340001,5,"不错的一次购物！",2018-05-21 22:13:21
1340001,5,"试试，为什么不配盖子",2018-05-29 23:28:55
1340001,5,"啊",2018-05-21 17:55:27
1340001,5,"还不错的",2018-05-20 21:03:45
1340001,5,"非常好",2018-05-20 16:50:30
1340001,5,"很不错！",2018-05-20 12:44:48
1340001,5,"真的一点要不沾，不错，但是用了一段时间后，涂层鼓了个小泡",2018-05-28 10:29:13
1340001,5,"不错",2018-05-20 19:38:28
1340001,5,"锅挺重的，比较厚实，很喜欢",2018-05-19 13:34:16
1340001,5,"老人说好用",2018-05-19 07:53:05
1340001,5,"很好",2018-05-19 08:49:38
1340001,5,"趁手的好锅。超值，超值",2018-05-18 12:40:58
1340001,5,"好用，满意！",2018-05-18 20:42:45
1340001,5,"不错",2018-05-18 21:30:50
1340001,5,"包装精美，还未用！相信严选的品质！",2018-05-17 06:32:28
1340001,5,"还没有用呢，感观还行。",2018-05-17 22:51:56
1340001,5,"做工不错，孔有点少、有点细",2018-05-17 09:33:29
1340001,4,"看着不错。不知是否不粘。用后再评价。",2018-05-15 12:54:40
1340001,5,"很好",2018-05-17 21:25:57
1340001,5,"不错",2018-05-17 15:40:50
1340001,5,"好",2018-05-17 23:48:10
1340001,5,"Ok",2018-05-17 23:00:45
1340001,5,"用了几次，挺不错，更方便",2018-05-16 07:28:32
1340001,5,"感觉容易摩擦",2018-05-27 22:09:05
1340001,5,"还没用，但愿不粘锅",2018-05-16 15:26:55
1340001,5,"重量轻，超好用！",2018-05-16 23:40:52
1340001,5,"煎蛋一流的。",2018-05-16 17:52:34
1340001,5,"好用",2018-05-16 14:56:55
1340001,5,"不错，很值，还会继续找严选购物。",2018-05-15 12:03:41
1340001,5,"看起来不错哦",2018-05-15 00:16:56
1340001,5,"三次回购～",2018-05-15 21:03:43
1340001,5,"还行",2018-05-15 15:40:42
1340001,5,"摆设",2018-05-15 01:37:50
1340001,5,"特别好特别好",2018-05-14 21:23:32
1340001,5,"不错哦",2018-05-14 08:25:23
1340001,5,"锅很大，目前使用满意",2018-05-13 08:18:28
1340001,5,"超级好用，第二个了",2018-05-13 22:05:20
1340001,5,"厚实，应该行",2018-05-13 23:32:48
1340001,5,"买了两次了 很喜欢",2018-05-12 17:41:52
1340001,5,"已经用来烙饼啦，不错",2018-05-12 23:29:00
1340001,5,"不错<U+0001F44D>",2018-05-11 15:04:19
1340001,5,"喜欢满意",2018-05-11 10:56:10
1340001,5,"好",2018-05-11 22:23:29
1340001,5,"还没用看着庭好的",2018-05-10 21:18:06
1340001,5,"退货有点郁闷",2018-05-18 10:19:30
1340001,5,"这个锅很her我心意 不粘的涂层 不过煎东西火候要把握好 不然容易虎糊",2018-05-19 23:04:55
1340001,5,"這次是買給老媽用的，用過都說好",2018-04-26 14:21:00
1340001,5,"很好很强大",2018-05-10 10:54:19
1340001,5,"当大家看到我的这一篇评价时，表示我对产品是认可的，尽管我此刻的评论是复制粘贴的。这一方面是为了肯定商家的服务，另一方面是为了节省自己的时间，因为差评我会直接说为什么的。所以大家就当做是产品质量合格的意思来看就行了。最后祝店家越做越好，大家幸福平安，中华民族繁荣昌盛。",2018-05-13 01:17:06
1340001,5,"超值组合。",2018-05-10 10:11:52
1340001,5,"还可以，就是没锅盖",2018-05-19 12:12:44
1340001,5,"质量不错",2018-05-10 08:09:23
1340001,5,"可以",2018-05-10 10:24:53
1340001,5,"质量不错，已经试用一次，有点重，效果很好",2018-05-08 19:30:36
1340001,5,"性价比很高，做东西很方便",2018-05-09 21:54:23
1340001,5,"挺不错的，用起来很好",2018-05-09 21:56:52
1340001,5,"还不错 第一次在严选买东西",2018-05-09 08:53:44
1340001,5,"不错啊",2018-05-09 13:40:25
1340001,5,"第二次严选买锅，底够平，煎蛋炒意粉很好用。",2018-04-15 22:56:48
1340001,1,"刚买第二天就降价30，差评！！！",2018-05-12 18:34:27
1340001,5,"限时购时买的。价格实惠。",2018-05-08 22:20:52
1340001,5,"挺好的，严选的东西喜欢",2018-05-08 12:20:35
1340001,5,"还不错，中了严选毒",2018-05-08 18:07:01
1340001,5,"非常好的锅，第一次买，果然迷上了",2018-05-07 18:46:07
1340001,5,"轻便好用，就是得换橡胶铲用",2018-05-10 09:12:19
1340001,5,"图同屋头都收拾收拾收拾是",2018-05-07 08:44:41
1340001,5,"这个锅真的炒鸡好用，再买一个一体锅试试！",2018-04-23 08:32:14
1340001,3,"第一次收到发现锅的内壁有明显的刮痕，边缘也有磕碰，叫了售后换了个锅，结果还是差不多的，锅是好用的，看在性价比高的份上留下了，就是多少有点心理觉得不舒服，对严选的热情也跟着降了许多，还是要货比三家吧",2018-05-09 01:03:21
1340001,5,"好，推荐，值得购买。",2018-05-07 21:07:35
1340001,5,"很奇怪，，，说明书上说有锅盖，但实际只有一个锅，说明书发错了？",2018-05-14 21:41:27
1340001,5,"不错",2018-05-07 11:49:16
1340001,5,"不错",2018-05-07 11:22:49
1340001,5,"为了家里的牛排，选了这个煎锅。还可以炼猪油哦。很方便。",2018-04-01 20:50:29
1340001,5,"买给老妈，好用",2018-05-06 14:08:24
1340001,5,"看上去很高大上",2018-05-06 17:55:16
1340001,5,"很不错的锅",2018-05-06 00:09:53
1340001,5,"还不错。",2018-05-06 15:14:25
1340001,5,"很好",2018-05-06 22:00:27
1340001,5,"很好",2018-05-06 16:12:11
1340001,5,"很喜欢，不粘锅",2018-05-05 00:21:27
1340001,5,"非常满意，一下买了五六对",2018-05-04 23:55:44
1340001,5,"不是很大，然后不知道赠品是干嘛的，感觉很鸡肋",2018-05-08 16:12:42
1340001,5,"很不错",2018-05-04 13:07:12
1340001,5,"好",2018-05-04 14:13:19
1340001,5,"好",2018-05-04 11:36:26
1340001,5,"东西还没有用，不过看着质量挺不错。",2018-05-03 12:43:54
1340001,5,"煎蛋真的很好用",2018-05-03 08:56:10
1340001,5,"Good as Always.",2018-05-03 10:59:10
1340001,5,"有质感",2018-05-03 13:42:33
1340001,5,"还行",2018-05-03 21:57:15
1340001,5,"还行，就是昨天和今天刚用有股好像橡胶一样的味道，可能是新锅的原因吧，再用用看看情况",2018-05-07 08:38:56
1340001,5,"好",2018-05-03 08:04:37
1340001,5,"烟少不粘，还要便宜",2018-05-02 20:25:06
1340001,5,"不错，真不粘",2018-05-02 11:09:30
1340001,5,"非常好的锅",2018-05-02 22:39:31
1340001,1,"用了两次，擦了好几遍，煎鸡蛋还是蛮多黑色的东西下来，吃完才发现，我的妈",2018-05-04 06:45:47
1340001,5,"超级喜欢。",2018-05-02 22:05:02
1340001,5,"质量不错",2018-05-02 02:37:56
1340001,5,"特意用了一段时间来评价的 真的一点都不沾 再也不讨厌洗锅了",2018-05-06 08:25:27
1340001,5,"好",2018-05-02 17:03:56
1340001,5,"不错",2018-05-02 17:39:56
1340001,5,"有点重，没有哪个小一点的好用，那个还有锅盖。材质都一样",2018-05-15 08:54:37
1340001,5,"商品质量很好。做工精细。物超所值",2018-05-01 11:03:44
1340001,5,"很轻，连水都不沾，很好翻",2018-05-01 16:44:11
1340001,5,"比想象的大，质量不错",2018-05-01 11:32:18
1340001,5,"非常好",2018-05-01 19:19:30
1340001,4,"还行",2018-05-01 18:22:19
1340001,4,"把手和锅相连的塑料缺了个角，不影响使用，也就算了",2018-05-05 08:03:53
1340001,5,"今天用它剪鸡蛋果真一点不粘，就是用起来得按说明的注意事项来做，不能高温不能干烧不能热锅用冷水洗不能剪炒尖利的食品等等很麻烦，否则会影响不粘的使用寿命，那也没办法，娇惯着用吧。",2018-05-03 14:41:33
1340001,5,"好评",2018-05-01 18:35:24
1340001,5,"你好前任，升级版手把更好握，前任是方形把手，真心硌手。",2018-05-04 20:47:02
1340001,5,"不错",2018-05-01 18:51:52
1340001,5,"好用，便宜，会回购，希望产品种类更丰富",2018-04-29 11:03:33
1340001,5,"练车练车练车了大量的领导",2018-04-30 13:04:46
1340001,5,"特别好用",2018-04-30 16:48:56
1340001,5,"好东东",2018-04-30 19:07:13
1340001,5,"严粉中",2018-04-30 16:51:52
1340001,5,"好",2018-04-30 13:39:15
1340001,5,"不错",2018-04-30 10:39:11
1340001,5,"完美",2018-04-30 19:42:50
1340001,5,"价格划算",2018-04-29 09:11:06
1340001,5,"上次买了有瑕疵，退了，又买，整个过程中客服的协调让人满意。这个锅子是买给父母的，他们满意就是我最大的满意",2018-04-30 21:02:52
1340001,5,"好用 大小合适",2018-04-28 10:08:15
1340001,5,"好",2018-04-28 21:01:50
1340001,5,"东西不错，很好用",2018-04-27 15:50:24
1340001,5,"超级好用的不粘锅！",2018-04-27 14:50:06
1340001,5,"很不错",2018-04-27 11:38:21
1340001,5,"好用",2018-04-27 09:56:58
1340001,5,"这么久才来好评，一句话质量真的是信的过",2018-04-19 06:13:13
1340001,5,"超级好用",2018-04-26 17:10:34
1340001,5,"跟期待的一样",2018-04-25 11:47:03
1340001,5,"好用",2018-04-25 10:19:21
1340001,5,"很不错",2018-04-24 03:28:54
1340001,5,"收到了 锅的重量质感感觉不错 希望能用的久一些",2018-04-01 10:12:17
1340001,5,"这个是赠品，比较小，还没用",2018-04-23 09:56:23
1340001,5,"锅很好 调味瓶鸡肋",2018-05-01 07:33:20
1340001,5,"资料不错  很好用",2018-04-23 13:27:09
1340001,5,"不错～可以可以",2018-04-23 12:43:02
1340001,5,"铸铁不沾锅，很好用，很沉实，不错。",2018-04-22 06:31:02
1340001,5,"用了，真不错。一定用软铲子，软布清洁。或者用纸擦",2018-04-09 20:01:38
1340001,5,"很漂亮精致但感觉用处不大",2018-04-22 18:08:08
1340001,5,"质量优质，不粘食物，非常好。",2018-04-22 08:11:48
1340001,5,"还没用，不过看起来不错",2018-04-22 11:29:05
1340001,5,"之前买过一个小锅，超级好。希望这个平底锅一样满意",2018-04-14 14:39:58
1340001,5,"不错",2018-04-21 22:10:12
1340001,5,"好用的，正是我需要的大小，也不重！推荐",2018-04-17 21:52:19
1340001,5,"很好，很强大<U+0001F44D>不用油就是炒",2018-04-19 17:51:47
1340001,5,"花一元钱换的，虽然小，但是很值",2018-04-20 19:49:04
1340001,5,"锅子很轻 超级好用 一点儿都不粘",2018-04-20 08:01:05
1340001,5,"好用，贴饼真的不粘锅！",2018-04-20 10:04:22
1340001,5,"买错了买成了炒锅，但是退货过程棒棒哒",2018-04-29 14:49:57
1340001,5,"很好用",2018-04-20 21:49:26
1340001,5,"符合预期 满意",2018-04-20 21:15:20
1340001,5,"很好",2018-04-20 12:11:57
1340001,5,"很好，以后可以煎很多东西，不错不错",2018-04-19 13:11:20
1340001,5,"锅很好，有质感",2018-04-19 22:30:48
1340001,5,"严选值得信赖，锅很好用！",2018-04-18 15:41:42
1340001,5,"精致，真材实料。",2018-04-18 10:59:25
1340001,5,"好好好好好好好好好好好好",2018-04-18 21:47:00
1340001,5,"给爸妈买的，他们收到很开心，另外在淘宝上买了玻璃盖子。要是网易有配套盖子可供选择就完美了",2018-04-28 00:51:54
1340001,5,"严选值得信赖！",2018-04-18 15:41:13
1340001,5,"很满意啦～",2018-04-18 15:34:18
1340001,5,"很好",2018-04-18 01:07:06
1340001,5,"很棒的锅，打算厨房的都换成严选的啦",2018-04-14 11:27:03
1340001,5,"质量非常的好！",2018-04-17 21:41:32
1340001,5,"不粘锅，已经用了！",2018-04-17 16:25:13
1340001,5,"好用呢，比原来家里的好用，就是很重",2018-04-09 07:47:34
1340001,5,"真的不粘，煎蛋特别好用",2018-04-16 10:48:41
1340001,5,"看着不错，还没用，先给好评",2018-04-16 21:07:14
1340001,5,"材质不错，，，，，",2018-04-16 10:02:10
1340001,5,"挺好",2018-04-16 19:25:18
1340001,5,"不错",2018-04-16 07:38:45
1340001,5,"很好，不粘锅不错",2018-04-15 16:16:00
1340001,5,"好小一只",2018-04-15 09:31:43
1340001,5,"不错",2018-04-15 07:52:32
1340001,5,"一点都不粘，挺好用的，超喜欢，五星好评",2018-04-11 07:50:01
1340001,5,"锅很重，挺好的，就是担心刮花",2018-04-19 16:23:13
1340001,5,"很轻，合用",2018-04-14 12:03:17
1340001,3,"产品感觉不错，物流太浪费纸箱了",2018-04-21 12:27:58
1340001,5,"好",2018-04-14 13:13:21
1340001,5,"好",2018-04-14 17:47:32
1340001,5,"不错",2018-04-14 21:55:56
1340001,5,"一块换购的不知道能做什么用",2018-04-21 18:09:54
1340001,5,"不错",2018-04-14 04:24:09
1340001,5,"锅子好用，轻重合适",2018-04-13 13:17:24
1340001,5,"质量很好",2018-04-13 13:23:28
1340001,5,"非常不错",2018-04-13 20:01:11
1340001,5,"赞",2018-04-13 11:05:47
1340001,5,"还没用，看起来不错，用后再追评",2018-04-12 17:26:07
1340001,5,"看着质量不错！用了再评",2018-04-12 12:33:38
1340001,5,"很满意，要是配上锅盖更完美",2018-04-12 11:01:52
1340001,5,"好",2018-04-12 13:41:47
1340001,5,"不错",2018-04-12 21:54:25
1340001,5,"我只想说，严选服务非常到位！满意的不行",2018-04-04 11:32:42
1340001,5,"炒鸡好用，无论是拿来煎，还是当炒锅总",2018-03-29 00:55:17
1340001,1,"上次收到锅 有明显的使用痕迹和钢丝球刷痕 跟客服沟通 客服问送我张优惠券行不行……提出要换一口，换回来的 居然是原锅本尊 我也是醉了……在线客服沟通失败……",2018-04-17 13:04:07
1340001,5,"非常好，很棒的，再会买的",2018-04-11 21:41:58
1340001,5,"多次购买，满意满意",2018-04-11 21:42:32
1340001,5,"不错额，好用",2018-04-11 21:22:28
1340001,5,"家庭必备",2018-04-11 08:44:01
1340001,5,"不错",2018-04-11 12:22:05
1340001,5,"不错",2018-04-11 10:54:30
1340001,5,"很好用，物超所值",2018-04-10 07:11:16
1340001,5,"高大上，而且很节省空间",2018-04-10 13:01:54
1340001,5,"有份量，还没用。",2018-04-10 16:38:22
1340001,5,"非常不错",2018-04-10 21:26:38
1340001,5,"好袖珍",2018-04-10 12:50:09
1340001,5,"很好，之前在网易买了一个可以煎炒煮炖的锅，用了很久还是很好，这次买的这个也非常不错，不粘，省油！受热比较均匀！",2018-04-02 09:08:52
1340001,5,"不错 性价比高",2018-04-09 06:51:32
1340001,5,"调味瓶的调料出口设计太小，不实用",2018-04-16 01:31:56
1340001,5,"非常满意",2018-04-09 22:33:05
1340001,5,"非常不错",2018-04-09 17:20:18
1340001,5,"精致",2018-04-09 10:07:03
1340001,5,"用了很久了，一般都是做锅贴饺子用，油比之前铁锅要放的少很多，做饼子也不错呢，少油健康！希望涂层不那么轻易掉！",2018-04-15 22:23:38
1340001,5,"还不错",2018-04-09 07:51:36
1340001,5,"很好",2018-04-09 13:36:38
1340001,5,"送的  不好用  买的锅很好用啊",2018-04-13 10:11:18
1340001,5,"好使",2018-04-09 10:45:41
1340001,5,"看起来很有质感，还不知道怎么用",2018-04-08 12:01:22
1340001,5,"不粘，重量适中，单手基本可以操作",2018-04-08 14:11:44
1340001,5,"看着好 稍后用用在评论",2018-04-08 23:39:27
1340001,5,"锅很棒，品质好，不粘。",2018-04-08 20:17:08
1340001,5,"好评",2018-04-08 23:54:26
1340001,5,"锅很好用，不粘，做松饼很好用",2018-04-04 16:55:09
1340001,5,"锅的手柄处有些划痕，其他的不错",2018-04-11 21:39:09
1340001,5,"看着不错，未使用",2018-04-07 11:21:18
1340001,5,"换购的，质量不错",2018-04-06 22:07:49
1340001,5,"还没用呢",2018-04-06 12:21:29
1340001,5,"很好用",2018-04-06 06:48:19
1340001,5,"锅比较重，质量不错，就是没有锅盖有点麻烦",2018-04-11 20:47:04
1340001,5,"好评",2018-04-06 12:32:21
1340001,5,"嗯",2018-04-06 21:49:16
1340001,5,"用了几天过来评价。整体感觉不错，洗锅后初上灶 加热的速度耗时略微长点，但是整锅热起来后，炒菜很快熟。做了鱼，发现真的不粘锅，这点非常满意。唯一遗憾的，就是今天突然发现锅底外沿儿的外部涂层有掉的现象，露出银色，还不止一处。不知什么原因了，每次用时还是蛮小心注意的。总之，整体还满意的~",2018-04-10 15:11:48
1340001,5,"看着不错的样子",2018-04-04 21:11:25
1340001,5,"宝宝很喜欢",2018-04-04 11:58:52
1340001,5,"很鸡肋啊",2018-04-12 21:44:34
1340001,5,"外婆很喜欢 谢谢严选",2018-04-03 11:39:07
1340001,5,"很好，煎鸡蛋神器",2018-04-03 10:05:52
1340001,5,"咋办，天天下单",2018-04-03 09:42:43
1340001,5,"很好很耐用",2018-04-03 19:37:52
1340001,5,"好用，不沾",2018-04-03 08:10:17
1340001,5,"锅非常好用，老公说买的不错",2018-04-02 09:17:31
1340001,5,"不是很沉，大小合适，很好！",2018-04-02 15:08:19
1340001,5,"aaaaaa",2018-04-02 10:12:30
1340001,5,"不粘煎锅还不错，在燃气灶上有点打滑，希望耐用。",2018-03-19 11:19:36
1340001,5,"非常好用的不粘锅",2018-04-01 14:18:00
1340001,3,"锅包装很好，就是锅身上有瑕疵，还没有用，用了再追评使用情况。",2018-04-10 12:33:27
1340001,5,"感觉小了点",2018-04-01 16:23:02
1340001,5,"不错的东西",2018-04-01 11:29:16
1340001,5,"不错",2018-04-01 19:20:14
1340001,5,"商品很好，服务到位",2018-03-31 19:19:46
1340001,5,"非常喜欢",2018-03-31 09:55:54
1340001,5,"好用",2018-03-31 16:36:01
1340001,5,"质量很好，但没看清是煎锅，网易服务没的说～",2018-04-07 18:02:19
1340001,5,"比想象中小很多",2018-03-30 13:16:10
1340001,5,"一般吧",2018-03-30 19:04:13
1340001,5,"第二次购买了，这次买了送妈妈，很不错！",2018-03-29 23:33:10
1340001,5,"emmm还没用 送的 很精致",2018-03-29 12:53:01
1340001,5,"<U+0001F44C>",2018-03-29 20:10:07
1340001,1,"有刮痕退货了",2018-04-02 11:32:44
1340001,5,"挺好",2018-03-29 10:36:52
1340001,5,"不错",2018-03-29 09:48:16
1340001,5,"超级棒，一点不沾，还特别好刷",2018-03-28 23:56:29
1340001,3,"手感不对(~_~;)，不像是纯铸铁",2018-04-03 22:43:52
1340001,5,"不错，锅不太沉，大小合适，防粘效果不错<U+0001F44D>",2018-03-21 10:01:34
1340001,5,"上次买的绿色底的没用多久就粘粘粘，但愿这次这个能长久的不粘不粘不粘，虽然还没收到货就降价了",2018-04-01 18:48:58
1340001,5,"好小好没用，估计不大方便实用",2018-03-28 15:00:13
1340001,5,"看起来不错，还没用",2018-03-28 07:10:03
1340001,5,"好东西，值得购买。",2018-03-28 10:49:51
1340001,5,"越狱",2018-03-28 19:57:14
1340001,5,"真的很好用，煎鸡蛋不用放油，非常满意",2018-03-26 21:43:36
1340001,5,"还没开始使用",2018-03-27 22:49:16
1340001,5,"不错哦",2018-03-27 16:52:40
1340001,5,"这个拿来煎蛋还不错",2018-03-25 23:31:00
1340001,1,"商家客服无诚信",2018-03-31 11:06:01
1340001,5,"煎东西挺好用的",2018-03-25 09:28:37
1340001,5,"煎锅好用",2018-03-25 22:49:14
1340001,5,"好",2018-03-25 22:31:21
1340001,5,"喜欢严选东西、很不错",2018-03-24 16:57:42
1340001,5,"超赞<U+0001F44D>",2018-03-24 23:39:04
1340001,5,"一起买了三个锅，一个汤锅，一个炒锅，一个煎锅，唯一一点不美，货还没收到煎锅就降价了40，这心里不舒服",2018-03-29 15:47:39
1340001,5,"好，，，，，，，，，，，，",2018-03-24 18:07:42
1340001,5,"用过后，和介绍的一样，不粘锅",2018-03-23 13:01:48
1340001,3,"锅很一般，加热后，底面感觉有糊的",2018-04-12 21:41:09
1340001,5,"颜值很高，也好用",2018-03-23 08:01:06
1340001,5,"质量很好，不粘锅",2018-03-23 19:27:32
1340001,5,"拿来就用上了，很好，中了严选的毒",2018-03-15 19:15:15
1340001,5,"目前还没有用，看着质量不错",2018-03-22 13:09:53
1340001,5,"锅的质量还不错",2018-03-22 13:06:46
1340001,5,"很好用哦",2018-03-22 13:33:49
1340001,5,"轻巧好用",2018-03-22 10:00:48
1340001,5,"非常棒！",2018-03-22 20:16:26
1340001,5,"不是很实用",2018-03-28 10:08:56
1340001,5,"东西很好，包装很棒，快递很给力。",2018-03-21 08:31:30
1340001,5,"重量适中，老人都用的好，煎鱼效果特别好！",2018-03-18 10:08:44
1340001,5,"好用，很适合无油煎。",2018-03-21 10:20:11
1340001,5,"挺好的 有一定的分量",2018-03-21 08:44:34
1340001,5,"挺好的",2018-03-21 11:07:25
1340001,5,"非常棒！",2018-03-21 10:48:32
1340001,5,"无油烟 不粘 我厨房的大爱！",2018-03-20 15:51:13
1340001,5,"帮家人买的第三只了",2018-03-20 15:23:16
1340001,5,"很好吃 一下子连买10几包",2018-03-20 18:22:10
1340001,5,"锅样子不错，希望耐用吧",2018-03-20 21:13:02
1340001,5,"养锅后跟好用",2018-03-20 17:15:23
1340001,5,"真的特别好用，好的锅值得购买",2018-03-19 08:53:55
1340001,5,"现在用着蛮好的，不沾",2018-03-19 15:26:03
1340001,5,"非常不错的好商品",2018-03-19 11:56:47
1340001,5,"1元换购划算",2018-03-19 15:26:22
1340001,5,"物美价廉，轻巧方便",2018-03-19 16:53:57
1340001,5,"真的很好用的锅 超值",2018-03-18 21:31:35
1340001,5,"哈哈哈还好还好",2018-03-18 10:08:22
1340001,5,"锅非常棒",2018-03-18 22:20:44
1340001,5,"不错",2018-03-18 13:42:05
1340001,5,"第一次买你家的东西，各方面都不错，值得信赖",2018-03-16 21:07:05
1340001,5,"很好 才到家就煎了牛排鸡蛋 香嫩可口",2018-03-14 20:55:24
1340001,5,"果然还是要用不沾锅，好用！",2018-03-17 23:08:40
1340001,5,"只是漂亮，不实用",2018-03-17 11:56:58
1340001,5,"看着就觉得好",2018-03-17 00:23:22
1340001,5,"不粘效果非常好",2018-03-17 17:30:43
1340001,5,"可以，蛮好看的",2018-03-17 21:22:36
1340001,5,"东西都还不错，锅面稍微有点小瑕疵，使用没什么影响。",2018-03-22 10:03:22
1340001,5,"超级好啊",2018-03-17 01:50:29
1340001,5,"一如既往的好",2018-03-17 01:51:22
1340001,5,"赞<U+0001F44D>",2018-03-17 07:18:23
1340001,5,"不错",2018-03-17 12:39:55
1340001,5,"不错",2018-03-17 21:47:31
1340001,5,"还未使用，一直信赖严选",2018-03-16 20:55:35
1340001,5,"看着外观挺不错",2018-03-16 09:04:04
1340001,5,"很好用",2018-03-16 08:50:35
1340001,5,"真的好小巧，没想好放什么，胡椒面？",2018-03-20 16:29:51
1340001,5,"重量很轻，也很容易清洗，喜欢",2018-03-15 18:44:10
1340001,5,"好好好好好好好好好",2018-03-15 23:32:57
1340001,5,"好好好好好好好好好",2018-03-15 23:33:08
1340001,5,"真的很好，严选好品质！",2018-03-15 08:30:14
1340001,5,"完全一点都不粘锅～",2018-03-19 09:27:54
1340001,5,"锅子还没有使用",2018-03-15 23:26:50
1340001,1,"刚收到的 新锅就有这种划痕？ 像测试涂层用过的锅，真是让人失望的购物体验",2018-03-20 12:43:15
1340001,5,"已经收到使用了。对的起这价，满意",2018-03-14 23:17:56
1340001,5,"不错，收到就适用了不粘无油烟",2018-03-14 20:28:37
1340001,5,"不是那么实用感觉 做工不错",2018-03-19 15:59:13
1340001,5,"好用！有质感！",2018-03-14 10:03:50
1340001,5,"非常好用",2018-03-14 13:08:43
1340001,5,"赞一个",2018-03-14 13:29:20
1340001,5,"锅还是很舒服的，也不粘",2018-03-13 21:05:20
1340001,5,"不错",2018-03-13 20:49:18
1340001,5,"不错！特价买的，性价比高！目前来看还不错！比苏泊尔的不粘锅耐磨一点，锅盖也能通用。",2018-03-05 12:14:47
1340001,5,"陆陆续续在网易严选买不少东西，每样都很满意，尤其这个不粘锅，堪称神锅，性价比高，适用。",2018-01-28 10:41:15
1340001,5,"当晚收到就在用了，单手拿稍微有点重，其他都好！调味瓶不实用，搁置了！",2018-03-07 08:22:18
1340001,5,"好用、以前买过别家的、用了和这个一比真的没个比．<U+0001F44D><U+0001F44D><U+0001F44D><U+0001F44D><U+0001F44D>",2018-02-22 18:22:07
1340001,5,"这款不沾锅不错，目前刚用几次挺好，不知道用时间长了会不会还跟新的一样？",2018-01-08 21:43:07
1340001,5,"这个还没用锅一般般",2018-03-18 21:14:34
1340001,5,"刚收到还没用看着很不错 锅不重 而且比我之前买的爱仕达的涂层锅便宜一半 <U+2764><U+FE0F>",2017-12-19 10:16:18
1340001,5,"被严选圈粉了，彻底圈粉。过年期间物流还这么给力，点赞<U+0001F44D>",2018-02-19 16:33:15
1340001,5,"拿在手里很有质感，收到立马清洗一下就试用，效果不错，一次满意的购物体验",2018-02-20 20:36:00
1340001,5,"暂未使用，粘不粘锅不清楚，好像感觉有点重，使用后再追评吧",2018-03-04 11:38:51
1340001,5,"锅子不错，有一处小瑕丝，怕麻烦就没换，做了煎饺，一点都不沾，棒棒棒",2018-03-17 13:37:00
1340001,5,"用的是品牌不粘，用下来不粘效果不错。现在去买同系列炒锅。",2018-02-06 07:32:28
1340001,5,"收到实物，打开一看好有质感，清洗后一用，更加证实了它的功效，是我历年来买到的最满意的平底煎锅，很好！",2018-01-28 15:49:09
1340001,5,"换货一次，但背面的锅底还是有凿痕，因为限时购质量会打折吗？懒得再换，这是在严选第一次出现的糟糕购物体验。",2018-03-16 07:51:54
1340001,5,"怪自己没看清，买了个煎锅，我要买炒锅的",2018-03-12 20:21:05
1340001,5,"煎锅非常好用，用后来评价的，早餐妥妥的了",2018-03-12 09:42:00
1340001,5,"煎蛋什么简直太好了，涂层非常好，一点都不粘",2018-02-28 22:20:53
1340001,5,"家人说很好用，比宜家的平底锅好用",2018-03-07 16:34:28
1340001,5,"煎锅还没开始用，等用了会来追评的",2018-02-25 10:45:21
1340001,5,"煎了两回鸡蛋，说实话，这个确实是比较省油。锅底比较厚，应该抗饼也没有问题。",2018-03-04 10:21:08
1340001,5,"非常好用的一口锅，厚实，不粘锅。煎饼煎蛋都可以不用放油。外观也上档次。开始送来的有擦痕，后来换了一个很好。为严选点赞。",2018-01-24 09:53:06
1340001,5,"非常好用的一口锅，厚实，不粘锅。煎饼煎蛋都可以不用放油。外观也上档次。开始送来的有擦痕，后来换了一个很好。为严选点赞。",2018-01-24 09:53:18
1340001,5,"非常好用的锅，一点也不粘",2018-03-13 09:54:36
1340001,5,"很好用",2018-03-13 06:37:06
1340001,5,"今天用它煎了牛排，非常好用。",2018-03-12 23:18:15
1340001,5,"颜值和使用都很不错的锅",2018-03-12 14:54:31
1340001,5,"看着很不错！",2018-03-12 22:43:43
1340001,5,"很好的锅一点都不粘",2018-03-15 11:11:24
1340001,5,"好用",2018-03-12 21:04:17
1340001,5,"很好",2018-03-12 19:07:35
1340001,5,"好",2018-03-12 18:13:12
1340001,5,"真的好用，煎鱼再也不粘，而且省油。",2018-03-08 14:24:36
1340001,5,"平底锅挺好用，煎东西很方便还一点不搭锅，唯一就是涂层看起来不太均匀不知道为啥。",2018-03-15 08:22:30
1340001,5,"很漂亮，不过好像不知道装什么",2018-03-14 23:23:28
1340001,5,"锅子很实用，包装一看就不错",2018-03-10 22:39:39
1340001,5,"严选一买就停不下来了",2018-03-10 12:17:17
1340001,5,"这口锅用着还行",2018-03-10 10:07:41
1340001,5,"好用～",2018-03-09 12:39:54
1340001,5,"好用，实惠！如果有锅盖更好",2018-03-08 23:22:55
1340001,5,"活动得时候买的，很划算。还没用看着不错",2018-02-25 13:35:03
1340001,5,"东西超赞赞赞赞",2018-03-08 16:03:15
1340001,5,"希望好用",2018-03-08 18:34:25
1340001,5,"好",2018-03-08 18:06:47
1340001,4,"这个煎锅跟9.9淘宝一样~。。。",2018-03-15 16:36:20
1340001,5,"感觉我的厨艺又回来了",2018-03-07 21:32:50
1340001,5,"给妈妈的，年纪大了，不能用重的锅，手臂吃不消",2018-02-24 07:30:56
1340001,5,"这个非常好，质量好",2018-03-07 13:50:05
1340001,5,"非常好用",2018-03-07 13:02:38
1340001,5,"快递很速度",2018-03-07 13:46:59
1340001,5,"有点小。",2018-03-07 12:42:41
1340001,5,"锅面有两大片类似钢丝划过的划痕，对着光看得很清楚；中心附近还有类似被尖锐物戳过的2~3处痕迹。我很怀疑是不是被人用过之后的退货，第一次对严选的质量产生怀疑。
因无法上传照片不能在换货信息处提交。
请客服人员尽快和我联系处理换货。",2018-03-10 15:03:34
1340001,4,"锅有打开过的痕迹。。。。调料真的很鸡肋",2018-03-10 06:41:28
1340001,5,"很好用，做了几次雪花酥。就是不知道涂层会不会容易掉啊。以前买的苏泊尔没用多久就不行了",2018-03-10 15:39:38
1340001,5,"加不块买的，点了个便宜",2018-03-06 12:41:39
1340001,5,"假一元赠品，不错，还没用呢",2018-03-06 12:15:25
1340001,5,"锅很好，客服更好",2018-03-06 18:47:19
1340001,5,"好用的",2018-03-06 18:04:32
1340001,5,"额",2018-03-06 21:37:04
1340001,5,"煎锅真的好好用，受热均匀",2018-03-05 12:16:20
1340001,5,"这锅不错 挺满意的 但没有配套的锅盖卖啊。。",2018-02-22 12:54:16
1340001,5,"不错，没让人失望",2018-03-05 21:04:43
1340001,5,"好",2018-03-05 22:24:15
1340001,5,"公积金合同工那你们",2018-03-07 11:00:37
1340001,5,"还没用，晚上试试",2018-03-04 17:50:36
1340001,5,"质量棒棒哒！",2018-03-04 11:25:09
1340001,5,"煎蛋一流",2018-03-04 17:54:05
1340001,5,"质量不错",2018-03-04 23:03:43
1340001,5,"好",2018-03-03 15:45:20
1340001,5,"可以",2018-03-03 11:29:59
1340001,5,"目前还没沾，之前买的黑凤梨已经粘得一塌糊涂，还比较新但是扔了又可惜",2018-03-07 19:56:20
1340001,5,"煎了个鸡蛋试了一下，一点都不粘锅",2018-03-04 13:38:12
1340001,5,"用了半个月，煎牛排无烟，超方便！",2018-03-02 02:58:05
1340001,5,"每一件都非常满意",2018-03-02 08:06:13
1340001,5,"不错好用",2018-03-02 09:57:56
1340001,5,"还没用，不过质感不错，用过再来评价。",2018-02-27 14:28:25
1340001,1,"差评，严选垃圾欺骗顾客，冻结客户礼品卡",2018-03-05 21:17:25
1340001,5,"很重，有质感。感觉很耐用。厨房不可少啊",2018-02-27 14:11:28
1340001,5,"东西很好，十分满意，还会再买",2018-03-01 14:46:58
1340001,5,"非常满意，做了照烧鸡，酱汁完全不粘锅",2018-02-26 22:54:04
1340001,5,"不粘，大小合适，对严选的涂层放心",2018-02-28 12:48:27
1340001,5,"还不错，这回我得好好用",2018-02-28 13:24:54
1340001,5,"锅挺好，但锅盖需要单独配",2018-03-05 22:15:38
1340001,5,"不错不错不错不错不错不错",2018-02-27 07:51:02
1340001,5,"二次购买 买给妈妈的",2018-02-27 18:20:50
1340001,5,"好用",2018-02-27 01:48:53
1340001,5,"好用",2018-02-27 08:46:43
1340001,5,"好评～～～～～～～～～",2018-02-27 21:46:19
1340001,5,"质量好，美观",2018-02-26 09:47:37
1340001,5,"很好！",2018-02-26 20:44:03
1340001,5,"上一个木把的断裂了，锅体本身很好用，这次的改进了锅把，应该不会像木头的那样开裂，而且也设计成边角有弧度的了，以前木头的略硌手。目前非常满意",2018-02-22 13:55:27
1340001,5,"准备搬新家使用，用后再追评",2018-02-24 15:35:54
1340001,5,"质量非常好！非常喜欢！",2018-02-24 12:14:10
1340001,5,"越来越喜欢严选",2018-02-24 15:33:45
1340001,5,"还行",2018-02-24 07:18:27
1340001,5,"好锅",2018-02-24 22:00:27
1340001,5,"好好好好好好好好好货",2018-02-23 16:42:00
1340001,1,"收到的是二手锅，有使用痕迹，锅有刷过的痕迹，锅底有油渍，锅的侧面还有一天划痕！虽说都不严重，但很明显。",2018-03-06 09:42:15
1340001,5,"确实不粘锅，省油",2018-02-23 16:04:00
1340001,5,"刚入手，看着质量很不错，用水冲了下，连水都沾不上。另外并没有发现别人说的划痕。后续在使用看看，整体还是很满意的",2018-02-23 22:05:48
1340001,5,"东西很不错",2018-02-23 16:23:25
1340001,5,"好评！",2018-02-23 10:37:33
1340001,3,"做工很一般，不知道那么多好评怎么来的？都可以看看细节。实事求是。",2018-03-06 22:19:01
1340001,5,"好喜欢<U+0001F60D> 好用",2018-02-22 11:40:39
1340001,5,"没来得及用呢",2018-02-22 10:06:58
1340001,5,"蛮好",2018-02-22 20:36:53
1340001,5,"好",2018-02-22 23:51:36
1340001,5,"已第二次购买了，严选的产品质量杠杠的！",2018-02-20 19:50:21
1340001,5,"非常好用。",2018-02-20 14:17:01
1340001,5,"大小刚好！",2018-02-19 12:49:32
1340001,5,"好",2018-02-19 16:31:18
1340001,5,"不粘锅，很好清洗，最主要的是菜烧着特好，特漂亮。",2018-01-31 23:36:01
1340001,5,"不错，非常喜欢",2018-02-18 07:40:40
1340001,5,"非常满意的锅，省油，绝对不沾，容易清洗。",2018-02-15 15:24:43
1340001,5,"要用一段时间才知道效果",2018-02-17 14:39:40
1340001,5,"很实用",2018-02-17 23:41:53
1340001,5,"可以",2018-02-16 20:31:15
1340001,5,"非常不错，包装让人放心，京东快递快！",2018-02-15 13:47:20
1340001,5,"非常好",2018-02-15 16:29:46
1340001,5,"晚上用了，感觉真是物超所值",2018-02-13 20:02:47
1340001,5,"真的不粘，用着很方便",2018-02-13 11:17:00
1340001,5,"质量款式都没的说，非常好。",2018-02-12 17:14:45
1340001,5,"质量杠杠的",2018-02-12 16:53:01
1340001,5,"看着不错，到想买的是炒锅，所以退货了",2018-02-06 12:48:28
1340001,5,"挺好的",2018-02-11 21:16:32
1340001,5,"看着不错，还没用",2018-02-10 22:17:36
1340001,5,"好用",2018-02-10 18:39:58
1340001,5,"很棒",2018-02-10 14:13:11
1340001,5,"有点重量，看起来还不错",2018-02-09 10:07:51
1340001,1,"快递超慢，跨省发原本四天结果用了8天！催促两次客服都是说没办法知道怎么回事！建议更换快递",2018-02-11 11:38:28
1340001,5,"还没有使用，看起来很好，很有分量",2018-02-07 11:41:17
1340001,5,"不粘锅，煎鱼，炒盘都好",2018-02-08 20:38:03
1340001,5,"非常好非常好非常好！",2018-02-08 22:20:21
1340001,5,"不错<U+0001F44D>",2018-02-08 22:09:48
1340001,5,"好厚重",2018-02-08 14:24:11
1340001,5,"很不错",2018-02-08 14:08:27
1340001,5,"哇塞，很有分量的一个锅，做饭应该也很有趣了",2018-01-20 00:08:03
1340001,5,"父母用的还不错，说是有点慢。",2018-02-07 09:35:59
1340001,5,"可以",2018-02-07 09:27:25
1340001,5,"太阳蛋因为入了新锅提升了好多！",2018-02-04 11:45:08
1340001,5,"锅还没有来得及用，但是包装很好，手感也好！用上好锅会爱上做饭吗<U+0001F60A>？家里的床单被罩等家居用品回头慢慢都换成严选得啦！质量很棒买起来比某宝省心太多～",2018-02-06 14:21:18
1340001,5,"非常好",2018-02-06 07:37:59
1340001,5,"还没用，没想象重",2018-02-08 14:38:33
1340001,5,"非常棒",2018-02-05 16:05:11
1340001,5,"还不错，用了之后再评价",2018-02-04 19:42:43
1340001,5,"好用",2018-02-04 15:21:54
1340001,5,"非常满意",2018-02-04 18:44:29
1340001,5,"这个锅感觉不错，拿起来挺重的，",2018-02-01 22:51:21
1340001,5,"很好用",2018-02-03 09:58:03
1340001,5,"超赞",2018-02-03 14:13:15
1340001,5,"锅很好，包装很好，物流很快",2018-02-02 19:44:11
1340001,5,"非常好看，特别喜欢。就是客服太垃圾。咨询售后服务太差！购买体验特别不好！东西再好；没有好的服务也不会长久！建议提高服务售后质量！",2018-02-08 12:08:17
1340001,5,"包装很好 锅子精致 超级喜欢 购物首选严选",2018-01-28 20:02:10
1340001,5,"中了网易的毒",2018-02-02 20:33:59
1340001,5,"还好，好用",2018-02-02 14:05:00
1340001,5,"好",2018-02-02 22:01:49
1340001,5,"很不错的煎锅。",2018-02-01 17:14:37
1340001,5,"厚重，质量好",2018-02-01 16:54:27
1340001,5,"好",2018-02-01 19:22:33
1340001,5,"物美价廉",2018-02-01 21:44:06
1340001,5,"已经用过一次，很赞，不粘锅～",2018-01-31 10:16:06
1340001,5,"没有用几次涂层就掉了，而且据说涂层掉了的不粘锅是不能用的，希望客服能处理一下，也希望严选真的能精益求精。这个不粘锅，价格也不算便宜，但质量真的不能保证，就不会存在信任了。所以期待严选的售后处理。",2018-02-04 23:54:25
1340001,5,"质量可靠，很好用",2018-01-31 11:05:15
1340001,5,"锅底有点薄，不过整体不错<U+0001F44D>",2018-02-04 15:47:10
1340001,5,"好用",2018-01-31 14:51:56
1340001,5,"还没用，网易的东西比较放心",2018-01-30 13:51:15
1340001,5,"很好<U+0001F44D>",2018-01-29 11:05:33
1340001,5,"煎锅用了两次才来评价的，真的不错，值得购买！",2018-01-10 18:32:35
1340001,5,"好用，一如既往的支持严选",2018-01-27 16:18:35
1340001,5,"少油果然不粘，效果好",2018-01-26 14:56:50
1340001,5,"有些大",2018-02-03 18:34:48
1340001,5,"大小正好，十分好用，沉重适中",2018-01-26 14:55:03
1340001,5,"结实",2018-01-26 22:09:23
1340001,5,"不错，看起来很有质感的样子，还没用",2018-01-22 14:10:08
1340001,5,"非常喜欢非常喜欢非常喜欢",2018-01-23 19:25:35
1340001,5,"还可以",2018-01-23 09:56:01
1340001,3,"真的……就是……花了……只能退了T^T",2018-01-31 16:16:08
1340001,5,"第一次自己买的，这次是给老姐",2018-01-21 15:42:31
1340001,5,"非常好",2018-01-21 20:57:21
1340001,5,"好",2018-01-21 20:16:04
1340001,5,"好",2018-01-21 13:01:15
1340001,5,"给网易严选的服务极差评价，极差！！！不用看五颗心的评分，都是忽悠人。差评！",2018-01-30 19:20:33
1340001,1,"收到了一个钢丝圈刷过的锅，表示无语。2收货。再次换货来了一个凹凸不平的，死活不认说没问题",2018-01-29 15:23:29
1340001,5,"挺好用的",2018-01-20 23:57:37
1340001,5,"锅很厚实，物超所值",2018-01-18 12:58:30
1340001,5,"挺好，使用了再追评",2018-01-16 16:16:28
1340001,5,"便宜，质量非常好。",2018-01-16 18:03:01
1340001,5,"东西很好",2018-01-16 13:59:48
1340001,5,"不错原用来做牛轧糖",2018-01-15 16:14:52
1340001,5,"不错，终于用平底锅了",2018-01-15 19:05:20
1340001,5,"质量不错哦",2018-01-15 22:02:31
1340001,5,"很好",2018-01-15 20:13:35
1340001,5,"质量很好",2018-01-14 18:22:00
1340001,1,"退货1一后，已经说明不要再给这些有问题的货。结果到的锅还是又很多凹凸的很坑，拍照有很难拍，然后客服瞎扯淡。连续收2次次品。。。这个次品率你们懂的，",2018-01-29 15:21:14
1340001,5,"好",2018-01-14 00:20:40
1340001,5,"好",2018-01-14 02:11:53
1340001,5,"希望这口锅能撑一年",2018-01-13 23:51:50
1340001,5,"质量很好，煎炒效果好",2018-01-13 16:32:04
1340001,5,"完整的包装，nice",2018-01-12 16:53:58
1340001,5,"不是正圆形，有个地方有点凹，很奇怪。问客服每次都是机器要不回复比较慢。我是严选粉，不过不得不说严选的客服无论在速度还是上传设置都稍落后市场",2018-01-28 00:26:52
1340001,5,"<U+0001F44D>",2018-01-12 23:06:44
1340001,5,"这个锅很好用，清洗方便，非常实用",2018-01-11 18:53:48
1340001,5,"质量很好，还没用，用后再追加",2018-01-10 08:15:30
1340001,5,"你的品质超乎我的想象。",2018-01-11 21:39:44
1340001,5,"用来炒菜非常不错",2018-01-11 09:23:25
1340001,5,"很有手感，看起来不错，还未用哈。",2018-01-10 20:07:01
1340001,5,"不错",2018-01-10 23:39:15
1340001,5,"很漂亮，手感也不错。",2018-01-08 10:31:02
1340001,5,"不错",2018-01-08 15:54:54
1340001,5,"不错",2018-01-08 18:39:42
1340001,2,"包装不知为什么有个缺角，把柄处有很很多不知道什么的痕迹，锅设身有很多小瑕疵，不过反正锅用几次就会很旧了，就懒得换货了，但总会让人有些不舒服",2017-12-20 20:07:00
1340001,5,"Ok",2018-01-08 17:06:04
1340001,5,"感觉有点磨痕，不是很光",2018-01-21 15:34:28
1340001,5,"好用！",2018-01-07 11:21:18
1340001,5,"锅不错",2018-01-07 18:13:09
1340001,5,"好用，非常满意。",2018-01-05 12:04:19
1340001,5,"感觉很不错，手感很好，还没开始用。",2018-01-03 22:10:49
1340001,2,"把手有划痕，感觉是残次品",2018-01-13 21:18:09
1340001,5,"锅虽是国内涂层，但感觉做工还可以，暂且信了它符合出口欧盟标准。话说回来，我家一年就用几次平底锅，我是特价128买的，对于这个使用频次和价格来说，只要它符合安全标准，那还挺值的。在网易买东西，又限时特价又今日特价又优惠券的，刺激消费确实管用，但套路深得像买股票，下单前总会想是不是最佳出手时机，尤其在买单价高的商品时。",2018-01-11 14:18:54
1340001,5,"这个锅超好用",2018-01-04 17:37:41
1340001,5,"换了一次，还是有划痕。",2018-01-18 00:04:39
1340001,5,"很好用",2018-01-03 18:26:20
1340001,5,"帮朋友买的，大大夸奖",2018-01-02 11:06:36
1340001,5,"蛮好的",2017-12-31 19:58:30
1340001,5,"很厚重不错～～",2017-12-29 19:45:24
1340001,4,"包装太简单了，就套一个袋子。。感觉锅体内部有轻微划痕一个点",2017-12-22 21:51:29
1340001,5,"包装还行",2017-12-28 20:43:37
1340001,5,"不错！！！",2017-12-27 13:54:52
1340001,5,"看着挺扎实，还没用",2017-12-25 22:57:40
1340001,3,"图一是第一次拍下后发的东西，锅内涂层有明显划痕没什么好说的。
图二是退货重拍后第二次收到商品，有明显圆圈形状痕迹，但是触摸感觉不到不平坦。用清水和纸巾清洗后依然在锅体表面，无法去除。图三为清洗后。
客服说不影响使用，那我也懒得换了。
希望网易严选能抓紧出货质检，老是发残次品有什么意思？",2017-12-22 16:54:31
1340001,5,"好好",2017-12-25 14:43:10
1340001,5,"收到了，不错",2017-12-24 14:37:01
1340001,5,"东西不错，不粘锅，不过需要提醒想买的人，要注意这锅高度不高，有点像平底锅",2017-12-20 22:24:19
1340001,5,"厚实做工精良。",2017-12-23 13:19:38
1340001,5,"好棒哦",2017-12-23 01:18:26
1340001,5,"好锅",2017-12-23 10:14:14
1340001,2,"有划痕",2018-01-13 18:15:17
1340001,5,"锅非常好呢！直接做蛋饼了！",2017-12-21 20:40:57
1340001,5,"品質好",2017-12-21 14:23:05
1340001,4,"第一次买了有划痕，换了还是有划痕，上次买的锅也是换了一次……",2018-01-07 23:09:36
