"itemId","star","content","createTime"
1397000,5,"已收到货，小孩很喜欢",2018-01-10 12:36:50
1397000,5,"六一儿童节礼物 孩子很喜欢 可以自己涂颜色 又可以玩 动手又动脑 大爱网易智造 希望出个塔扇 现在只找到普通电风扇有卖",2018-05-29 18:53:09
1397000,5,"DIY上色，试飞，成功后的喜悦，让孩子玩这个比手游强一万倍",2018-05-20 16:08:15
1397000,5,"给弟弟的六一儿童节礼物<U+0001F381>很喜欢哦，小小的，亚光的，跟想象的不太一样，他喜欢就好",2018-06-14 17:10:01
1397000,5,"孩子们很喜欢呢，在小区里放飞的时候，后面跟着一群小朋友。就是还不大会控制。",2018-06-07 14:46:50
1397000,5,"小东西很不错，官方有配螺丝刀、电池和备用扇叶。飞太高我都怕摔坏了。",2018-06-20 00:51:48
1397000,5,"给我堂弟？表弟？反正是弟弟买的61礼物 居然隔天就到了好意外hhhhhhhh 到时候看他反应吧",2018-05-31 00:07:58
1397000,5,"特别好玩～应男票要求画了一个bb8，就是只敢在家里玩，怕出去就飞走啦～",2018-05-19 22:14:41
1397000,5,"发货迅速，缓冲填塞，包装结实，京东配送，快递安心，易学益智，必定回购，网易严选，品质保证。",2018-05-29 09:56:34
1397000,5,"只蛋不错哟，就是不耐玩，一下子就没电了，充饱电再试过！",2018-05-31 15:23:21
1397000,5,"买了个鸡蛋给孩子生日礼物 不知道耐用不耐用 评论有好有坏",2018-06-24 22:33:35
1397000,5,"太喜欢了，这是我的飞船，我马上可以返回我的母星了",2018-08-05 14:03:18
1397000,5,"回购N遍了",2018-08-13 12:14:50
1397000,5,"生日会上送小朋友的",2018-08-13 12:13:20
1397000,5,"买了送给小朋友的，据说很喜欢，没看到实物。惯例好评～",2018-07-10 12:47:41
1397000,5,"还不错，回去试飞下，个头没有想象的大，跟两个乒乓球差不多大",2018-07-09 13:15:01
1397000,5,"超级好玩儿",2018-08-05 22:00:47
1397000,5,"100多块的质量来说，包装非常精美，而且好玩，适合买无人照相机前一个好的选择。但是游戏精通的我，都有点操作不来……",2018-04-30 22:05:46
1397000,5,"儿子玩到停不下来。感觉以后可以送人这个玩具，高科技又有面子",2018-04-17 20:18:53
1397000,5,"小飞蛋宝宝非常满意，很好的一次购物，喜欢，非常好好好！",2018-06-26 17:17:23
1397000,5,"",2018-07-19 12:17:10
1397000,5,"超级超级完美的飞行器，晚上飞起来回头率百分之八十，还可以在房间里玩儿",2018-04-28 14:32:37
1397000,5,"",2018-07-14 06:51:24
1397000,5,"",2018-07-14 06:51:07
1397000,5,"",2018-07-14 06:48:08
1397000,5,"",2018-07-14 06:47:46
1397000,5,"第二天就收到了！赞一个<U+0001F44D>等明天给儿子当六一儿童节礼物",2018-05-31 19:14:39
1397000,5,"",2018-07-09 22:15:28
1397000,5,"好玩，孩子很喜欢，操作有点难度",2018-07-08 10:49:53
1397000,5,"",2018-07-05 11:09:19
1397000,5,"",2018-06-30 21:40:33
1397000,5,"大家都好好奇，好喜欢呀，不过我还没玩过呢",2018-06-14 07:55:14
1397000,5,"送老公的生日礼物，老公很喜欢，彩绘也很有意思，很好玩，玩物立志！",2018-05-21 17:37:09
1397000,4,"飞啊飞啊飞啊",2018-06-23 23:08:21
1397000,5,"挺有意思的小玩具",2018-06-23 15:55:34
1397000,5,"谢谢严选的工作人员，虽然容易坏，但是会收藏起来",2018-06-18 20:23:23
1397000,5,"小蛋蛋，第二便收到，小巧好玩，孩子喜欢！",2018-06-21 16:01:28
1397000,5,"很满意，儿子为此还想学编程",2018-06-17 07:35:20
1397000,5,"很酷，贼帅",2018-06-16 13:08:50
1397000,5,"",2018-06-16 18:46:55
1397000,5,"操作需要研究一下，但小（孩）朋（她）友（爹）玩得可开心了",2018-05-05 21:53:55
1397000,5,"",2018-06-11 18:37:53
1397000,5,"很容易上手，质量也是梗梗的。",2018-06-05 11:11:13
1397000,5,"小朋友画的比较难看，但很喜欢。",2018-06-03 21:34:55
1397000,5,"一个蛋，两个达摩",2018-06-03 11:22:58
1397000,5,"很好用",2018-06-02 10:53:18
1397000,5,"还没开始把玩，期待",2018-06-01 18:48:14
1397000,5,"送货越来越快！",2018-06-01 19:37:10
1397000,5,"可以的，挺有意思的",2018-05-31 15:04:43
1397000,5,"涂装终了，帅呆了",2018-05-30 19:42:08
1397000,5,"很不错，孩子很喜欢玩，就是不耐摔，玩了几次就飞偏了",2018-04-06 22:11:23
1397000,5,"好玩",2018-05-29 22:07:00
1397000,5,"本来打算当儿童节礼物送给小朋友，小朋友开始很抗拒就自己买了，结果小朋友玩到停不下来。

入门不算难，玩了很久，很有意思，室内室外都可以，很结实。",2018-05-25 18:24:48
1397000,5,"买了好多送家人希望小朋友喜欢",2018-05-20 07:03:59
1397000,5,"",2018-05-19 18:48:33
1397000,5,"它就叫做海蛋蛋活动空间的",2018-05-17 09:38:24
1397000,5,"给外甥女的生日礼物，很好玩，满意！！",2018-05-16 10:47:54
1397000,5,"太好玩了，玩得一天冲十次电，摔了很多次也没出现问题。期待严选下次再出一款大一点的，可以飞远一点的无人机",2018-04-06 00:31:56
1397000,5,"挺好玩，质量不错，还得多练练",2018-04-14 22:42:01
1397000,5,"非常不错买给小朋友玩的，很喜欢，准备再买一个",2018-04-28 14:21:12
1397000,5,"很不错，喜欢的很",2018-05-02 16:23:24
1397000,5,"小朋友很喜欢，涂鸦功能很棒，性价比很高",2018-04-22 13:30:51
1397000,5,"挺好玩的，就是小了一点",2018-04-25 21:13:31
1397000,5,"准备送小朋友的，自己先玩上了……",2018-04-24 12:29:21
1397000,5,"小孩这份快乐就值了！",2018-04-20 15:45:08
1397000,5,"",2018-04-19 21:51:47
1397000,5,"很可爱，操作需要练习",2018-04-14 17:14:41
1397000,5,"正在充电，期待它能给小孩带来欢乐",2018-04-08 09:47:35
1397000,5,"物超所值，品质第一，良心企业",2018-04-06 21:54:48
1397000,5,"在家不好调节 一飞起来就撞 送人了",2018-03-30 20:14:02
1397000,5,"真抗摔啊 哈哈",2018-03-25 15:13:31
1397000,5,"科技感强，非常好玩<U+0001F600>",2018-03-24 11:08:12
1397000,5,"",2018-03-24 09:20:33
1397000,5,"",2018-03-21 16:08:13
1397000,5,"很小巧，做工也很不错！",2018-03-16 15:34:08
1397000,5,"送给老公的小蛋蛋，很好玩哦，有点难度需要练习，耐摔质量不错。画了小雪人，哈哈",2018-01-29 21:52:47
1397000,5,"儿子想要个太空蛋，于是我画了个宇航主题，小玩意儿设计的不错，便携，操控性和颜值都不错，好几个朋友看到了都追问哪里买，已经安利了网易严选给他们<U+0001F61C>",2018-02-05 08:41:08
1397000,5,"买给儿子的礼物 ，他非常喜欢。当天晚上他都没有好好睡觉 ，一直拿在手里面。第二天在空地上玩了一会儿 ，超乎想象，物超所值",2018-02-26 12:32:48
1397000,5,"我两个月大的小崽崽表示非常喜欢，盯着看了半天。<U+0001F604><U+0001F604>",2018-02-26 20:33:32
1397000,5,"送小男生的礼物，电器小白试了一下都能上手，很易学。质量也好，摔了2次都能再次起飞。",2018-01-19 18:50:52
1397000,5,"一收到就连续两次玩到没电，好好玩，还没掌握降落诀窍，各种摔落，依然正常工作，非常好玩，已经推荐给一堆好友",2018-02-06 21:00:18
1397000,5,"很有意思，操作起来并不容易，要多加练习，非常好玩的小飞蛋，值得购买，年纪太小估计玩不了。",2017-11-28 20:00:21
1397000,5,"好神奇的小飞蛋，送给大男孩的玩具，表示非常喜欢<U+0001F601><U+0001F601><U+0001F601>",2018-05-28 18:05:58
1397000,5,"可以飞的玩具，不过送礼的话，要给对方要看视频，值得再次购买，包装很精致，快递速度也快，都是送上楼的。",2018-02-01 14:15:40
1397000,5,"孩子看了，很喜欢，就是操作一下手熟悉一下。摔了好多次，都没有摔坏。",2018-04-28 16:19:55
1397000,5,"闺女非常喜欢这个小玩具，真是物超所值，翻跟头很简单一会就会了，学起来还是有一点难度，慢慢来",2017-11-16 20:20:45
1397000,5,"质量看着很好，还没打开，但是应该不错，满意",2018-07-28 21:16:22
1397000,4,"挺好",2018-07-24 09:09:07
1397000,5,"有趣，送小朋友很好。也满足了自己小时候的飞行梦<U+0001F601>",2018-03-03 09:20:36
1397000,5,"虽然还没用过，但从严选的包装和物流感觉不错，回头再追评吧。",2017-10-25 14:36:33
1397000,5,"快递给力，到家后就看到儿子已经画的差不多了，真是和鸡蛋差不多。",2017-12-08 18:28:19
1397000,5,"买回家之后被老爸截胡<U+0B67>(<U+0E51><U+2022><U+0300><U+2304><U+2022><U+0301><U+0E51>)<U+0AED>
讲真！爸爸们也是很喜欢这种玩具的
贪玩没有年龄限制 (<U+055E><U+2022><U+A66A><U+2022><U+055E>)<U+FF89>",2018-02-25 20:34:44
1397000,5,"孩子玩得心花怒放，买了第三个啦，送朋友的孩子。",2018-03-07 13:23:04
1397000,5,"蛋飞的很好，加了个摄像机，航拍了个妹子。",2018-02-18 13:20:44
1397000,5,"很喜欢的小东西，划算，可玩性高，推荐购买",2018-03-03 13:11:42
1397000,5,"首先包装非常精细，细节决定成败，就此一点，品质没话说，打开后试飞，完美。",2017-12-27 14:28:02
1397000,5,"飞得好高。
有多高？
杨玉环跳舞那么高。",2018-02-22 17:35:42
1397000,5,"“这种狂热，让人想起纳西瑟斯",2018-03-03 10:22:00
1397000,5,"颜料都干巴了",2018-03-01 17:40:20
1397000,5,"挺好玩的",2018-02-27 21:54:37
1397000,5,"买来当年会上用于交换的礼物，包装严实，试用了下感觉很不错！看到水彩颜料就好想在小飞蛋上画画<U+0001F3A8>希望收到的同事会喜欢～",2018-02-01 08:19:09
1397000,5,"很好的玩具。",2018-02-26 18:54:43
1397000,5,"不错，很耐摔。",2018-02-26 11:36:17
1397000,5,"",2018-02-26 21:25:40
1397000,5,"哈哈哈，小巧玲珑，还可以彩绘，给我家大男孩的七夕礼物。刚拿到家，就迫不及待玩起来了，哈哈哈",2018-08-21 11:14:51
1397000,5,"相信严选没错的，太棒了！",2018-02-24 12:23:11
1397000,5,"送给朋友的 质量不错 物流比较慢",2018-02-24 09:16:06
1397000,5,"建议把涂料和毛笔换成贴纸。",2018-08-23 10:00:02
1397000,5,"给侄子买的，小朋友很喜欢！还带了电池！很贴心",2018-02-11 19:29:37
1397000,1,"辣鸡，总结下来这就是一个残次品。到货的时候就有一个翅膀关不上的，当时没有在意。非常难操作，就玩了一次，降落到地上斜了一点，然后翅膀就弹出来了，没有售后，客服从头到尾一直强调产品有一键降落功能，但是说明书并没有说只能使用一键降落，不允许自己操作降落。这个是用来玩的还是用来看的请问？",2018-08-22 21:10:35
1397000,5,"就是不好操作感觉",2018-07-17 17:11:24
1397000,5,"严选的产品好像不能追加评价，只能在这里评价。
之前买的气压瓶用了半年压不出水了，严选竟然不能提供售后服务，买严选的产品尤其要注意，售后的配件和维修是硬伤。",2018-07-17 10:05:43
1397000,5,"东西挺好的，孩子还可以DIY，要大一点的才会玩，还是有点难操作的。不太耐摔，可能是我操作不好，被我摔断了，个头就是一个蛋大小。",2018-07-15 22:33:32
1397000,5,"挺有意思的小玩具，操作不难，上手挺快的",2018-02-15 14:09:39
1397000,5,"和外甥买的，他很喜欢",2018-02-16 12:11:17
1397000,5,"号，已经买第四个了，虽然自己没有用，但是相信严选",2018-02-04 11:01:16
1397000,5,"有点不好控制，玩的多会好些吧",2018-07-14 16:23:04
1397000,5,"逐渐学会了，是个很好的练习教具，我的大疆飞得很稳",2017-11-13 10:39:43
1397000,5,"小朋友自己画的，他很喜欢",2018-02-13 23:07:11
1397000,5,"有问题 换货了",2018-08-05 22:07:02
1397000,5,"不错，就是电不多",2018-07-15 18:57:05
1397000,5,"非常满意",2018-02-13 16:30:36
1397000,5,"不错，挺好玩。",2018-02-12 12:39:53
1397000,5,"货收到了 物流挺快的 期待",2018-02-07 14:22:24
1397000,5,"喜欢喜欢",2018-02-07 12:04:41
1397000,5,"很好玩，孩子们很喜欢，注意力马上从无人机转移过来了",2018-01-16 10:41:12
1397000,5,"性价比极高的无人机，哈哈<U+0001F604>，自己涂外装很有意思，刚开始确实操作难度很高，适应后玩的飞起，要是觉得乱飞，需要重新矫正，左右摇杆同时摇左下。",2018-02-01 21:16:25
1397000,5,"已经玩坏一个啦，并且又来买。孩子特别喜欢，而且很多家长问在哪买的<U+0001F60F><U+0001F60F><U+0001F60F>",2018-08-21 22:09:38
1397000,5,"挺好的，可以自己涂色，提高小朋友的动手能力",2018-01-22 20:23:11
1397000,5,"送给小朋友的礼物，又能画又能飞，小朋友很喜欢",2017-12-25 19:37:51
1397000,5,"",2018-01-10 14:58:35
1397000,5,"彩绘，其他一般",2018-07-01 10:30:37
1397000,5,"这个感觉质量有点点差",2018-07-15 22:32:58
1397000,4,"挺好玩的，但是不经摔，一摔就炸开了，然后配件特别小，很难找到，螺丝掉地板上找不到了……然后……我趴在地板上找了半小时，就找到3个…… 勉强还能玩，再摔一次的话，估计就悬了(<U+00AC>_<U+00AC>)",2018-07-07 00:52:04
1397000,5,"可玩性挺低的，校准的说明字太小了，懒得看，然后上手很难，没有开启遥控会乱飞…撞坏了都",2018-07-15 04:08:46
1397000,5,"画了一只狮子<U+0001F981><U+FE0F>",2018-01-09 18:35:37
1397000,5,"飞起来很不好掌握，不建议冲动",2018-06-29 23:29:56
1397000,1,"四个旋翼之一一直要碰到蛋蛋，工艺太差。飞行控制不准确。",2018-06-18 23:45:04
1397000,5,"送给弟弟的礼物，他很喜欢",2018-01-08 14:52:48
1397000,5,"哈哈，飞起来的一刻真开心，一开始不会操纵，满屋子飞，摔了好多次竟然一点没坏，好评。",2018-06-29 21:37:02
1397000,3,"很难操控 坏掉了",2018-07-13 00:15:34
1397000,5,"送给孩子的小礼物，挺不错的",2018-01-04 21:06:38
1397000,5,"一般般吧，就是个小玩具，方向控制不怎么灵敏",2018-07-10 10:12:58
1397000,5,"感觉一般",2018-01-04 20:00:57
1397000,4,"很好玩，上手稍有难度，电量有点小，还没玩多久就没电了，希望推出用干电池或电量更大的小飞蛋。",2018-06-21 17:36:20
1397000,5,"还在学习驾驶中，很好玩，也耐摔",2018-01-02 19:34:08
1397000,5,"操作技术要求蛮高<U+0001F602>",2018-06-21 18:49:20
1397000,5,"飞行很平稳 很好玩 你值得拥有",2018-01-02 08:53:08
1397000,5,"最后一次在严选购物，没啥想说的",2018-06-16 20:12:12
1397000,5,"刚开始玩，操作还不是很熟练，很轻巧便携",2017-12-20 05:46:49
1397000,1,"并没有图片看上去和介绍说的那么好玩。
而且宣传图片上飞蛋可以挂一个小礼盒东西而现实中稍微挂一点点重的东西都会失衡。
性价比超低",2018-06-20 22:28:09
1397000,5,"性能不错，跟描述一致，小朋友上手很快，玩的很开心，希望增加电池容量。",2017-10-22 11:58:50
1397000,3,"声音嗡嗡地好大，控制起来有点难度，遥控器上没有指示，完全靠手熟。飞起来容易东撞西碰。幸好孩纸还算挺稀饭。",2018-06-14 06:28:58
1397000,5,"很有趣",2017-12-04 08:10:28
1397000,5,"",2017-12-19 08:25:18
1397000,5,"很成功的一次生日礼物，儿子超喜欢，不舍得和朋友一起玩，怕弄坏了嘿嘿",2017-11-15 08:55:13
1397000,4,"昨天到货，昨晚送给女儿，室内玩儿，撞墙，室外，飞走了，再也没回来。宝宝大哭了一场",2018-06-01 21:44:23
1397000,5,"包装仔细！送小朋友的，假期给他惊喜！",2017-12-10 14:38:32
1397000,5,"我觉得需要一把螺丝刀。",2017-12-10 11:21:53
1397000,4,"操作太复杂了，有点玩不过来",2018-06-20 07:34:30
1397000,5,"超喜欢需要练习。",2017-12-10 07:37:12
1397000,5,"飞的有点歪啊，不过挺好zande",2018-06-17 00:54:32
1397000,1,"玩了两次，遥控连接不上了，开关也断了，真是一次性用品，",2018-06-13 21:11:38
1397000,5,"没涂颜色之前有点难看，涂完很带劲，就是时间有点短，小孩子玩起来还是很开心的",2018-06-04 08:39:50
1397000,1,"实在太烂了，昨天刚买，完全按说明书操作，飞了一次掉地上，也没什么高度，电池就脱落了无法复位，这是严重的质量问题，跟严选客服联系说是无法退换货，维修也不上门取件。如果不是说耐摔，谁会买？",2018-06-03 14:49:46
1397000,5,"孩子十岁，有操作无人机基础，很喜欢，室外玩比较适合，能飞很高。不建议特别小的宝宝买，玩不了。最好有玩无人机的基础，而且玩之前要好好看视频学习，不然可能没等学会就撞坏了。",2017-12-09 17:29:22
1397000,5,"",2017-12-09 10:20:47
1397000,5,"有点复杂，研究好大会才飞起来",2018-06-14 13:56:28
1397000,4,"挺可爱的，但是价格摆在那里，做工很一般，另外操控性能也有提升空间，作为玩具玩一玩还行",2018-06-07 10:48:44
1397000,5,"东西还可以，就是比想象中要小，说明书比较复杂，送给小侄子的，要琢磨很久才能看懂！",2018-05-28 00:30:35
1397000,5,"很舒服很好用，包装完美，用了一段时间才来评价，网易还是值得信赖的",2018-07-10 06:15:40
1397000,5,"确实很耐摔，练练手不错，无聊时随手玩玩",2017-11-28 13:45:44
1397000,5,"鼓捣了很久才会玩",2017-11-28 07:01:58
1397000,3,"一般",2018-06-03 09:19:56
1397000,3,"在严选消费得不多，小一万的样子，这单的体验最差。商品显然未经过出厂测试：一个轴勉强才展开，叶片几乎刮擦机身且运转不畅。急着用作礼物，先试飞了。试飞时无法悬停、严重偏向异常的这个轴，撞墙损坏。严选的售后：不维修、不退换。
好在，下单又买了一个，这次的可以完美悬停。良品率有待提高啊！",2018-06-01 14:07:00
1397000,3,"被图片诱导了，想要个透明的，因为我不想DIY，飞起来还可以，原地自转后遥控方向会反转。",2018-06-03 22:39:19
1397000,5,"挺好玩，就是不太好控制，要多联系。",2017-11-28 15:56:58
1397000,5,"好东东，也好控制，就是第三次玩被孩子掉在一大片草地中找不到了。",2018-06-27 12:04:37
1397000,5,"买来送给小家伙，小家伙爱不释手，每天玩得很欢，每天摔很多次还好没坏",2018-08-22 09:47:19
1397000,5,"儿子还没有学会怎么玩",2017-11-19 18:53:48
1397000,5,"棒棒的，好玩及了，宝宝非常喜欢。",2017-11-11 22:59:29
1397000,5,"性价比高，价格实惠。只是颜料干的比较慢，涂多了容易妨碍机翼收放，感觉有点鸡肋。",2018-06-04 08:44:06
1397000,5,"还在摸索中，孩子们很喜欢，但是操控要练习！",2017-10-23 08:03:46
1397000,5,"小巧，跟蛋差不多大，耐摔，一会儿就上手了。",2017-10-23 10:59:22
1397000,5,"本来想买给孩子玩的，看了下说明书感觉有点复杂，估计孩子是玩不好了",2018-06-02 18:36:40
1397000,5,"买来忘记了一直丢后备箱 昨天拆开来 才第一天就其中一个不转了，还不知道怎么修",2018-05-31 00:32:00
1397000,5,"小孩玩不错，飞行时间有点短，其他还行",2017-10-25 11:12:59
1397000,5,"买来就是个坏的，已经退了",2018-06-01 21:16:41
1397000,5,"作为礼物送给学弟，他玩得很开心，就是有点不太好操纵，可能还要多加练习哈哈",2018-04-17 00:38:59
1397000,2,"这个飞机速度太快，控制太差，一下子掉下来就摔掉两个翅膀",2018-06-01 12:17:02
1397000,5,"儿子刚开始以为只是个彩蛋，有点失望，后面就发现新大陆了，爱不释手。",2018-06-02 15:03:51
1397000,4,"挺好玩的，不过摔几次，翅膀就收不回去了",2018-05-30 18:26:34
1397000,5,"超有感！太可爱了",2017-10-23 01:39:44
1397000,5,"垃圾",2018-05-22 22:35:13
1397000,5,"我家娃17了，说这是收到的最喜欢的礼物，还特别抗摔，好<U+0001F44D>",2018-06-15 12:15:11
1397000,5,"好玩，操控基本还行，给小朋友的玩具。",2017-10-20 22:05:37
1397000,5,"拿回来充电完就试飞了一下。惹得小孩子在一边哇哇大叫",2018-05-31 17:48:03
1397000,5,"买了怎么飞不起来了呢<U+0001F60A>，充不上电",2018-05-30 06:59:48
1397000,5,"蛋蛋飞走了，不见了！",2017-10-22 20:12:51
1397000,5,"",2017-10-22 17:57:44
1397000,5,"自己涂的颜色，性能也很棒！给严选赞一个",2017-10-19 23:33:18
1397000,5,"还可以，不过玩一段时间后充电后玩不了多久",2018-06-12 19:28:01
1397000,5,"东西都挺不错的，赶上了我长途飞机之前到了，给旅行提供了帮助，相信严选",2018-05-18 15:04:24
1397000,3,"我以为能买到高性价比的东西，其实质感实在一般般。塑料都不是好塑料",2018-05-20 15:53:04
1397000,5,"发货一如既往的快，一下买两个，给小朋友当六一儿童节礼物，看看网易的逼格高的玩具，水准到底怎么样？<U+0001F604>",2018-05-14 12:17:07
1397000,5,"感觉不错，儿子很喜欢",2017-10-19 17:12:01
1397000,1,"4个弹开的翅膀，有2个卡槽卡不住。
飞机不平衡，老往一边飞。
昨天到今天就没有飞起来过。",2018-05-27 13:51:54
1397000,5,"很好玩的小飞蛋，怎么都摔不坏。两个小朋友很喜欢，打算再买两个",2018-04-14 11:13:35
1397000,4,"叶片不好更换啊",2018-05-24 13:34:39
1397000,5,"续航时间太短了，期待出个进阶版<U+261E>",2018-08-14 17:15:06
1397000,5,"哈哈哈哈哈虽然不是很会玩儿但真能飞起来啊哈哈哈哈",2018-08-01 15:42:56
1397000,5,"你好，客服，为什么对不了频？",2018-08-06 19:28:03
1397000,5,"很好 可能因为手残 感觉室内比较难操作 无数次坠机 质量还不错 目前还没摔坏",2018-04-18 09:44:37
1397000,5,"很不错，小朋友很喜欢，不太好操控，需要练习，感觉很有范！",2018-08-12 16:31:39
1397000,3,"产品可能是会有问题但是严选的售后五星好评",2018-05-17 13:03:06
1397000,5,"儿子非常喜欢，我也觉得很有创意，不吃饭也要先玩。准备再买一个送朋友。",2018-04-10 19:48:14
1397000,5,"小盆友非常非常的喜欢，刚开始还以为是让她代孵的蛋呢汗 流汗汗 。只是手残党的画画水平你懂的。",2018-07-17 17:39:20
1397000,5,"智能小巧，奈何我启动不得，无奈退货。需要科技控才能玩转...",2018-08-14 11:20:52
1397000,5,"给小侄儿买的，年龄小了不是更好操控，中学生以上比较合适",2018-06-16 22:08:43
1397000,5,"还没用呢  正在研究  走顺丰第二天到货  满意  正好赶上端午节给女儿玩",2018-06-15 09:57:54
1397000,5,"挺可爱的，还没玩儿明白，看着有点儿单薄，不知道抗不抗摔",2018-06-06 07:31:58
1397000,5,"一百来块，能飞能转，能前后左右，还能亮",2018-08-21 17:29:33
1397000,5,"送朋友的孩子，小孩子很喜欢，走到哪里带到哪里玩",2018-08-09 09:09:18
1397000,5,"很有趣的小飞蛋，飞行时间不算短。",2018-08-21 14:27:24
1397000,5,"很有趣的小飞蛋，飞行时间不算短。",2018-08-21 14:27:11
1397000,5,"感觉好小啊。还没用，不知道五岁的小朋友会不会玩。",2018-07-11 12:25:54
1397000,4,"买回来发现电极掉了，没玩，不知道好不好玩",2018-07-19 04:34:14
1397000,5,"最好去比较空旷的地",2018-08-22 13:07:06
1397000,5,"还行，有点难飞",2018-08-22 22:54:59
1397000,5,"娇小怕摔，要在草地上玩",2018-08-21 15:37:35
1397000,5,"不好控制",2018-05-12 20:19:01
1397000,5,"挺好玩的，要多玩几次才能学会控制好",2018-08-11 09:54:15
1397000,5,"东西很有创意，但是玩一会就没电了",2018-08-15 07:40:16
1397000,5,"速度快，挺难操控的",2018-08-20 07:33:36
1397000,5,"非常好",2018-08-20 04:48:18
1397000,5,"小巧灵便 好玩  耐用  都买了 半年了还在飞",2018-08-15 08:44:22
1397000,5,"不好操作系统",2018-08-18 20:27:20
1397000,5,"挺好玩",2018-08-19 23:15:00
1397000,5,"外甥很喜欢",2018-08-19 21:50:18
1397000,5,"很好玩",2018-08-19 21:44:25
1397000,5,"还可以",2018-08-19 11:17:21
1397000,5,"东西不错 表现稳定",2018-08-17 10:36:59
1397000,5,"东西不错 表现稳定",2018-08-17 10:36:41
1397000,5,"nice",2018-08-17 19:06:07
1397000,5,"好小个，飞行时间短了",2018-08-16 15:34:25
1397000,5,"好喜欢的小飞蛋，可惜一不小心飞树上了<U+0001F62D><U+0001F62D><U+0001F62D><U+0001F62D>再也下不来了",2018-08-16 22:39:18
1397000,5,"送给小孩子的礼物，很喜欢，爱不释手",2018-08-15 22:52:03
1397000,5,"很好玩哦，儿子非常喜欢！",2018-08-15 15:47:23
1397000,5,"不是很好操控",2018-08-20 17:53:34
1397000,5,"不好控制",2018-08-20 13:00:57
1397000,5,"东西不错 表现稳定",2018-08-15 15:43:16
1397000,5,"非常好玩",2018-08-15 14:40:09
1397000,5,"呵呵哈哈哈好好好",2018-08-14 13:31:03
1397000,5,"挺好玩的",2018-08-14 17:05:53
1397000,5,"挺喜欢的",2018-08-14 14:14:27
1397000,5,"好好看看说明书，掌握不难，就是手柄和飞机适配不是每次都成功。",2018-08-16 08:56:02
1397000,5,"看起来不错",2018-08-14 22:47:41
1397000,5,"很好玩",2018-08-14 17:15:23
1397000,5,"很好",2018-08-14 16:05:52
1397000,5,"很好，飞的挺稳，在家操作需要多练习，建议厂家再加配圆圈圈底座，容易摔掉",2018-08-17 09:32:01
1397000,5,"小外甥很喜欢，很漂亮的小玩具，大人一样玩",2018-08-09 20:39:41
1397000,5,"小朋友比较喜欢，我没看到飞起来的样子",2018-08-09 19:29:31
1397000,5,"弟弟十岁生日礼物，非常喜欢",2018-08-13 22:41:48
1397000,3,"掉下来一次就散架了，拆开才发现里面的螺丝都没上紧。
另外没有图片上那么精致。",2018-08-18 11:27:26
1397000,5,"侄子很喜欢",2018-08-13 13:58:35
1397000,5,"非常好",2018-08-13 16:27:52
1397000,5,"还不错",2018-08-13 13:35:31
1397000,5,"买之前看过不好的评价，买了并测试过，会出现以下情况：
1、旋翼有合不拢的情况，属于质量问题
2、确实不太好操控，对新手来说是这样的
3、续航时间有点短，还没熟悉过来就要充电了。
所以价钱可以再高一点，也要做好两点：质量和续航",2018-08-12 19:35:41
1397000,5,"颜料竟然是臭味的，我也是醉了",2018-08-07 22:09:43
1397000,5,"好玩",2018-08-13 11:47:36
1397000,5,"东西不错 表现稳定",2018-08-12 12:54:21
1397000,5,"还可以，就是儿童不太好控制。",2018-08-13 15:19:25
1397000,5,"不错不错",2018-08-12 16:39:32
1397000,5,"好玩",2018-08-12 12:43:25
1397000,5,"晚上定次日达，速度很快！东西也很精致，但不是很会玩",2018-05-20 08:39:56
1397000,5,"好用，质量很好，现在基本所有都是严选买，满意",2018-08-02 16:44:51
1397000,5,"小朋友的小玩具",2018-08-11 14:11:31
1397000,5,"系统默认好评",2018-08-01 01:41:04
1397000,5,"还可以",2018-08-11 14:56:26
1397000,5,"蛋做工比较粗糙，电源按钮很难按亮，，撞了几次就掉下来了。",2018-08-13 16:57:44
1397000,5,"可以",2018-08-11 14:58:30
1397000,5,"东西不错 表现稳定",2018-08-10 14:43:06
1397000,5,"蛮高科技的",2018-08-10 11:24:45
1397000,3,"东西不错，唯一的遗憾是充电一小时，只用6分钟",2018-08-12 07:03:21
1397000,5,"不太好操作",2018-08-10 23:36:23
1397000,5,"很不错",2018-08-10 10:52:31
1397000,5,"很好，玩起来还算简单",2018-08-09 14:59:53
1397000,5,"还是不会玩",2018-08-11 07:50:55
1397000,5,"好玩",2018-08-09 17:29:59
1397000,5,"还行 操作有点复杂",2018-08-10 09:17:17
1397000,5,"非常满意非常满意非常满意非常满意",2018-08-08 17:28:04
1397000,5,"给同事的礼物看着蛮好",2018-08-08 14:56:51
1397000,5,"很好很好，操作简单，抗摔",2018-08-08 10:48:40
1397000,5,"飞起来挺高的，赞一个",2018-08-07 22:34:18
1397000,1,"无法对频，控制器异响，已申请退货",2018-08-08 10:44:24
1397000,5,"给小孩子玩，没问题的",2018-08-07 23:43:11
1397000,5,"好 做工精致 娃特别喜欢",2018-08-06 10:19:09
1397000,5,"一般一般",2018-08-09 08:24:02
1397000,5,"好样的",2018-08-06 19:13:43
1397000,5,"很耐摔，被女儿稀里哗啦摔了很多很多次了，依然完好。满意",2018-06-06 13:56:32
1397000,5,"很喜欢就是还控制不好总是摔",2018-06-25 11:17:02
1397000,5,"创意不错，送朋友的孩子，以后还会考虑再购买。安全性待观察。",2018-07-09 10:02:48
1397000,5,"喜欢",2018-08-05 04:33:37
1397000,5,"买给小外甥女的生日礼物。嘻嘻嘻嘻，不知道好不好玩",2018-06-24 09:27:10
1397000,5,"确实没有图片看着那么高级，然后画了以后侧边容易被扇叶刮掉漆，颜色需要反复晾干再涂，最有意思的应该是画蛋",2018-07-26 10:22:32
1397000,5,"东西不错 表现稳定",2018-08-04 06:38:53
1397000,5,"好",2018-08-04 20:13:51
1397000,5,"给孩子买的，非常好<U+0001F44D><U+0001F44D>！可爱又抗摔",2018-07-18 09:39:59
1397000,5,"送小朋友的，自己没玩过",2018-08-03 12:19:24
1397000,5,"质量不错，性价比高。",2018-08-03 20:41:39
1397000,5,"很好玩做工很不错的，孩子一直玩的很高兴。",2018-07-28 02:08:58
1397000,5,"玩了很久，却还是不会控制它……",2018-08-06 00:04:28
1397000,5,"冲一次就在冲不上电了，也懒得管了",2018-08-03 23:07:23
1397000,3,"<U+0001F614>",2018-07-30 20:48:44
1397000,5,"炫酷有趣好玩，作为六一礼物非常合适。最好能配上一些图片说明",2018-06-02 21:57:03
1397000,5,"666",2018-08-01 11:00:20
1397000,5,"666",2018-08-01 11:00:09
1397000,5,"质量好，但操作比较复杂，不适合5岁小朋友，飞起来过一次，不错。",2018-06-20 01:26:00
1397000,5,"送朋友的孩子，据说非常喜欢",2018-07-31 02:05:46
1397000,5,"别的都很不错，就是系统貌似不够稳定，再优化一下就物超所值了。",2018-06-14 21:30:01
1397000,5,"孩子很喜欢",2018-07-31 11:13:03
1397000,5,"买来送人的，没拆开看，不知道怎么样。",2018-07-26 20:38:25
1397000,5,"送给朋友，非常喜欢!",2018-07-30 14:21:46
1397000,1,"严重跑偏，基本无法正常飞行，在严选上少有的一次比较差的购物体验。别说小孩了成人也比较难上手，个人感觉比我的大疆还难控制……",2018-08-03 13:26:06
1397000,1,"垃圾产品，掉下来就摔坏了，用不了二次，还叫什么鬼严选！又不退货包修，垃圾产品",2018-07-10 10:31:02
1397000,2,"怎么说，不推荐",2018-08-02 07:41:43
1397000,5,"非常好",2018-07-30 22:09:22
1397000,5,"good",2018-07-30 22:15:10
1397000,5,"好",2018-07-30 12:32:09
1397000,5,"好",2018-07-30 12:32:02
1397000,5,"好",2018-07-30 08:41:25
1397000,5,"好玩，外壳有点薄，室外有风飞行难度大。",2018-07-28 23:24:45
1397000,1,"每次玩都怕它飞走，抓回来好几次，昨天玩一下，好了，彻底不知道飞去哪个草丛生野蛋了，找不到了，我希望塞翁失马，焉知祸福吧，不建议买，浪费钱<U+0001F4B0>",2018-07-29 14:03:58
1397000,5,"东西不错 表现稳定",2018-07-29 15:36:16
1397000,5,"很不错，就是有风容易被吹往一个方向，太轻了。",2018-07-19 07:55:59
1397000,5,"大人玩挺好的",2018-07-28 22:55:57
1397000,5,"好",2018-07-28 21:05:20
1397000,5,"身体很小巧，没想到还挺结实的。最好不要在室内玩，容易碰撞。最开心的是配有螺旋桨，丢失小配件不用担心，孩子很喜欢！",2018-04-25 17:50:41
1397000,5,"额…怎么说呢，总体好玩，就是小孩可能不太适合",2018-08-04 15:36:14
1397000,5,"比想象的小，不过小孩子很喜欢，还配了颜料，可以自己上颜色。",2018-06-16 16:09:52
1397000,5,"孩子喜欢东西性能挺好",2018-07-27 06:36:26
1397000,5,"还没拆，应该不错",2018-07-27 23:57:31
1397000,5,"小孩画的挺开心",2018-07-27 06:22:53
1397000,5,"好",2018-07-27 23:39:16
1397000,5,"准备给儿子玩的，我自己玩上了<U+0001F604>",2018-07-22 22:45:24
1397000,5,"很潮的玩具，只是电池能用久一点就更好！",2018-06-22 10:31:56
1397000,5,"谢谢，收到了，才评价，不好意思，儿子玩坏了，寄回严选修一下，给发了个新的！意外哦！谢谢严选！支持严选！",2018-03-15 15:16:21
1397000,5,"一半这种质量的玩具实体店都有点贵",2018-08-04 19:49:55
1397000,5,"挺有意思的小玩意儿",2018-07-26 09:36:41
1397000,5,"好！！！！！！！！",2018-07-26 17:32:58
1397000,5,"有点小激动，就是不会操作，哈哈哈",2018-07-25 11:17:04
1397000,5,"不错",2018-07-25 19:15:05
1397000,5,"不好操控",2018-05-17 22:30:13
1397000,5,"小飞行器真的非常稳定（无风的情况下，有风的时候会被吹偏了）摔了好多次依然正常，两个问题1:就是一开始莫名的启动后会一直慢慢旋转，关掉后过一段时间正常；2:有时飞的太高了，往下降的时候，会突然电机停止运转。
总体来说非常不错，建议出大一点儿的飞行器，抗风能力几乎为零。",2018-04-30 20:24:17
1397000,5,"谢谢了，感受到了上帝的感觉",2018-07-24 12:08:05
1397000,5,"东西不错 表现稳定",2018-07-24 11:47:07
1397000,5,"还好吧",2018-07-24 19:03:55
1397000,5,"非常好玩",2018-07-24 13:11:33
1397000,5,"好",2018-07-23 12:41:51
1397000,5,"好",2018-07-22 00:39:29
1397000,5,"在",2018-07-22 00:22:53
1397000,5,"很好，态度诚恳，回复及时",2018-07-21 18:38:00
1397000,5,"还不错",2018-07-21 09:32:36
1397000,5,"还可以",2018-07-21 09:22:58
1397000,5,"好评！",2018-07-21 12:59:10
1397000,5,"小玩具还好的！",2018-07-20 13:07:44
1397000,5,"好",2018-07-20 19:22:19
1397000,5,"很灵敏，不怎么会操作",2018-07-21 15:53:20
1397000,5,"红红火火恍恍惚惚 我很喜欢",2018-07-19 16:57:12
1397000,5,"还行 需要熟悉操作",2018-07-19 16:15:24
1397000,5,"好，不错",2018-07-19 14:17:57
1397000,5,"复杂了点，遥控不是很灵",2018-07-21 09:22:34
1397000,1,"非常难控制，家里撞了一次，扇叶掉了，再装上就很难回复平衡，偏移得太大。可玩性太差！",2018-07-26 16:34:37
1397000,5,"不错",2018-07-19 18:16:57
1397000,5,"好",2018-07-19 16:58:56
1397000,5,"可以",2018-07-19 10:34:46
1397000,4,"送给同事小孩的，3岁，小小的一个，她说对于他们孩子来说，现在难度大了点",2018-04-06 10:50:38
1397000,5,"OK的<U+2665>",2018-07-18 10:39:49
1397000,5,"很喜欢",2018-07-18 23:11:53
1397000,5,"赞",2018-07-18 14:46:26
1397000,5,"很好的飞行器，侄儿喜欢",2018-07-17 10:57:10
1397000,2,"飞不起来，不平稳",2018-07-23 19:59:39
1397000,5,"迷你蛋",2018-07-16 21:41:15
1397000,5,"收到，孩子喜欢",2018-07-15 10:48:59
1397000,5,"还没试飞过，外表挺萌的",2018-07-14 22:10:32
1397000,5,"超级好用的，对严选的品质一直都很放心。",2018-07-09 15:23:39
1397000,5,"超级好用的，对严选的品质一直都很放心。",2018-07-09 15:23:28
1397000,5,"高逼格 方便 耐用  很不错的东西",2018-07-13 16:39:52
1397000,5,"非常好，侄子很喜欢，很结实，不怕摔",2018-07-13 15:57:05
1397000,5,"东西质量特别好，家里人特别喜欢，严选值得信赖",2018-07-11 22:16:11
1397000,5,"很不好控制，玩两把就扔了。",2018-07-22 00:28:31
1397000,5,"挺好",2018-07-13 11:23:43
1397000,2,"有一个翼无法合并",2018-07-12 10:45:29
1397000,5,"还不错，孩子很喜欢",2018-07-12 21:35:28
1397000,5,"遥控精准、操作自如！",2018-07-12 17:24:38
1397000,5,"好",2018-07-12 22:34:40
1397000,5,"很好玩，一键起飞",2018-07-11 11:22:09
1397000,5,"还不错",2018-07-11 10:01:52
1397000,5,"有趣",2018-07-11 02:49:47
1397000,5,"非常不错，飞起来向蜜蜂一样。",2018-07-10 13:52:34
1397000,3,"拿回来试飞了一下东倒西歪，几分钟就被小孩玩坏了",2018-07-11 10:07:59
1397000,5,"很满意啊",2018-07-10 11:23:34
1397000,5,"^_^好好好好好",2018-07-10 08:11:48
1397000,5,"好",2018-07-10 14:17:27
1397000,5,"好玩",2018-07-10 12:43:10
1397000,5,"很好，操控还不太熟悉，先充电，玩几把",2018-07-05 15:40:16
1397000,5,"很好",2018-07-09 13:58:27
1397000,5,"我以为是金属材质的，原来是塑料的，不过孩子很喜欢",2018-06-23 10:41:23
1397000,5,"小朋友喜欢",2018-07-08 10:58:27
1397000,5,"不太好控制 一个翅膀合不起来了",2018-07-02 11:06:32
1397000,5,"喜欢的东西，回购",2018-07-07 14:15:10
1397000,5,"非常满意",2018-07-07 09:48:39
1397000,5,"飞起来还不错，这价格值",2018-07-05 12:02:11
1397000,5,"给小朋友玩的，很喜欢",2018-07-04 10:14:15
1397000,5,"好玩",2018-07-04 20:14:39
1397000,5,"好玩！",2018-07-04 11:18:15
1397000,5,"儿子很喜欢，只是，有点难操纵，慢慢摸吧！",2018-07-03 07:57:21
1397000,5,"质量非常好！与卖家描述的完全一致，非常满意，真的很喜欢！完全超出期望值，发货速度快，包装仔细、严实，物流公司服务态度好，运送速度快，很满意的一次购物！",2018-06-21 23:20:52
1397000,5,"东西不错 表现稳定",2018-07-03 00:59:14
1397000,5,"东西不错 表现稳定",2018-07-03 00:58:24
1397000,5,"还行",2018-07-03 14:17:45
1397000,5,"还行",2018-07-03 11:30:55
1397000,5,"非常满意",2018-07-03 07:28:06
1397000,1,"低空飞控太差，调教若干次简单悬停都做不了，摔了五六次就不能起飞了",2018-07-07 07:53:53
1397000,5,"质量很好，就是现在还不熟悉，不太会玩",2018-06-24 12:35:41
1397000,5,"给小外孙买的 我还没看到 据说挺好",2018-06-28 18:08:37
1397000,5,"很小巧，可爱，买给孩子玩玩",2018-07-02 16:37:27
1397000,5,"还玩，就是操作有点难呢",2018-07-04 22:00:29
1397000,5,"超级喜欢，性价比高",2018-07-02 14:57:30
1397000,5,"挺好玩的～",2018-07-02 16:15:44
1397000,5,"小朋友很喜欢",2018-07-02 08:51:12
1397000,5,"好玩",2018-07-02 18:11:44
1397000,5,"很好玩",2018-07-01 08:23:58
1397000,5,"还没用哎，但愿OK",2018-06-30 10:39:11
1397000,5,"小朋友很喜欢",2018-06-30 16:06:52
1397000,5,"送小孩",2018-06-30 06:49:18
1397000,5,"好",2018-06-30 12:14:08
1397000,5,"东西很好，儿子很喜欢，就是希望操作再简单点，方便小朋友玩！",2018-06-04 17:55:50
1397000,5,"小飞蛋，限时购买的120～挺好玩的，小卖部玩具款",2018-06-04 13:11:08
1397000,5,"很好玩，就是续航时间太短啦",2018-06-27 19:44:38
1397000,5,"控制起来有点儿难度，重量太轻，风一大就控制不了了…",2018-07-01 15:50:51
1397000,5,"物美价廉！孩子喜欢！",2018-06-29 22:06:26
1397000,5,"孩子很喜欢",2018-06-28 21:46:39
1397000,5,"就这样",2018-06-28 23:15:17
1397000,5,"拉风，儿子爱不释手",2018-06-27 17:22:01
1397000,5,"挺好",2018-06-27 17:54:15
1397000,5,"样式新颖，孩子很喜欢，就是会跑偏但不会调整，建议说明书再详细一些。",2018-06-30 07:50:23
1397000,5,"好",2018-06-27 18:51:07
1397000,5,"好玩",2018-06-27 07:54:33
1397000,5,"操控有点复杂",2018-06-26 22:33:50
1397000,3,"不好",2018-06-28 19:22:46
1397000,3,"飞行中会漂移，要不停地调整，室外有点风就会被影响",2018-06-26 16:16:17
1397000,5,"一般般，胜在便宜，老是有倾斜。",2018-06-26 17:52:54
1397000,5,"还没有玩，看起来还是挺不错的",2018-06-26 02:31:42
1397000,5,"东西不错推荐购买 价格便宜量又足",2018-06-26 01:50:30
1397000,5,"耍了三周坏的，质量不错",2018-06-26 12:43:59
1397000,5,"东西不错 表现稳定",2018-06-26 23:50:49
1397000,5,"东西不错 表现稳定",2018-06-26 23:50:33
1397000,5,"很小巧，孩子玩得很开心，就是卡在树上了，也不能发出警报，找不到了。遗憾",2018-06-26 15:08:10
1397000,5,"蛮好玩的",2018-06-26 10:47:15
1397000,5,"东西不错 表现稳定",2018-06-26 10:36:18
1397000,5,"儿子的新玩具，成功操控需要耐心啊！",2018-06-25 20:31:05
1397000,5,"非常好玩，稳定性很好～操作简单",2018-06-25 19:08:46
1397000,5,"儿子很喜欢，不错",2018-06-25 13:10:43
1397000,5,"操作性能很好",2018-06-25 10:19:55
1397000,5,"非常不满意到严选购飞蛋，签收不到36小时，这包括了一个晚上的时间，这东西今天下午就出来了问题，主要是按下起飞键后，自动起飞不正常，直接往前边倒，个人分析是前后马达的转速不一致，黑色螺旋桨转速快，白色螺旋桨转速慢，这种问题分析后普遍会认为是电子故障，所以请求退货，严选的回复是不予受理，为何？",2018-06-25 22:49:49
1397000,5,"哈哈哈哈哈哈",2018-06-25 06:55:49
1397000,5,"东西很好玩 颜色不太好涂其实 操作也挺难 需要多多的练习",2018-04-29 08:07:12
1397000,5,"酒还没喝，先收藏着",2018-06-24 22:26:46
1397000,5,"东西还是不错的",2018-06-24 22:03:00
1397000,5,"儿子很喜欢",2018-06-24 08:05:02
1397000,5,"女朋友很喜欢",2018-06-24 01:23:20
1397000,5,"包装很好，唯一的不足，不会飞，也不知道怎么回事，孩子涂装完我才试，飞蛋和遥控器只是闪光，就是不飞，涂过装了，也不退了，希望有人教教我，看是哪点出了毛病",2018-06-25 21:11:25
1397000,5,"满意",2018-06-24 22:00:38
1397000,5,"可爱",2018-06-24 21:00:57
1397000,5,"小小的玩意充满了惊喜，儿子看到喜欢的不得了，研究怎么玩",2018-05-29 12:45:30
1397000,4,"其中一个飞蛋三片白翅膀一片黑翅膀。几个问题1：飞蛋一起飞不是稳定的悬停空中而是自行以较慢的速度侧飞；2：试了很多回两个飞蛋从来没能平稳的降落地面；3：说明书说的先开遥控器再开飞蛋明显是错的，相反顺序的操作才是对的。最后飞蛋还是蛮耐摔的<U+0001F602><U+0001F602>",2018-06-09 18:32:45
1397000,5,"这个其实很好玩，有创意，唯一的遗憾就是如果涂色，颜料会可能到缝隙里面，4个翅膀就开关不方便了。",2018-06-25 19:25:07
1397000,5,"容易坏，不是很结实",2018-06-29 09:01:44
1397000,5,"很好玩，飞行时间也可以",2018-06-22 16:14:22
1397000,1,"618买了网易智造的小飞蛋，玩了一次就自己掉下来摔坏了，商家坚持不是质量问题，而是操作不当，不予处理，质量和售后都成问题。",2018-06-24 16:19:52
1397000,5,"很好玩！",2018-06-22 12:24:23
1397000,5,"不错",2018-06-22 21:02:08
1397000,5,"质量很好，要多加练习才能上手！总体很不错",2018-06-06 15:09:31
1397000,5,"很棒",2018-06-21 23:42:16
1397000,2,"质量太差，飞了几次，掉下来就摔破了",2018-06-22 22:42:59
1397000,5,"收到了，很好玩，有点复杂，没弄明白怎么平稳着陆，总是摔下来",2018-06-23 20:15:36
1397000,5,"好玩",2018-06-21 14:10:25
1397000,5,"送侄子的，他还蛮喜欢的",2018-06-20 23:33:57
1397000,5,"还没用，看着还行",2018-06-20 12:12:41
1397000,5,"挺好玩的，美中不足是没法摄像，期待下一代产品",2018-06-23 00:50:25
1397000,5,"非常好玩的小飞蛋了，就是电量很差，经常撞。",2018-06-22 18:58:27
1397000,5,"挺好的，续航也可以",2018-06-20 11:25:55
1397000,5,"瓜子好吃 飞单儿子喜欢",2018-06-20 09:42:50
1397000,5,"好",2018-06-20 23:49:20
1397000,5,"东西很好玩，经摔，小孩儿玩的很高兴，好评",2018-06-15 15:48:11
1397000,5,"女儿最后一个&#34;六一&#34;，送給她作礼物，太喜欢了！",2018-06-04 07:20:54
1397000,1,"一买来就坏了",2018-06-23 12:39:58
1397000,5,"很好玩，特喜欢",2018-06-19 16:51:51
1397000,5,"挺好玩的",2018-06-19 08:40:04
1397000,5,"很不错，小巧",2018-06-19 08:53:33
1397000,5,"起飞控制不太会，不过摔了好多次还没坏<U+0001F633>",2018-06-22 21:35:42
1397000,5,"好",2018-06-19 18:31:56
1397000,5,"好",2018-06-19 18:31:23
1397000,5,"可以",2018-06-19 17:31:09
1397000,5,"有趣",2018-06-19 09:13:58
1397000,5,"挺好",2018-06-18 13:18:50
1397000,5,"好玩",2018-06-18 22:28:41
1397000,5,"好",2018-06-18 18:14:45
1397000,5,"有趣的设计，能自己设计涂装是亮点，希望耐用点。",2018-06-09 10:34:22
1397000,5,"挺可爱的，还没玩过。",2018-06-17 15:26:02
1397000,1,"四片机翼，两片能收进去，两片收不进去，妈的，还不让退货，机身塑料非常廉价，建议别买",2018-06-22 19:09:20
1397000,5,"非常满意",2018-06-17 16:25:23
1397000,5,"非常满意",2018-06-17 16:25:11
1397000,5,"还行",2018-06-17 10:36:29
1397000,5,"好玩",2018-06-17 21:21:19
1397000,5,"不错，就是充电时间长，玩的时间太短了",2018-06-17 18:22:06
1397000,5,"就是本人不怎么会玩，但是东西很喜欢",2018-06-14 23:38:58
1397000,1,"回来就是坏的",2018-06-18 12:51:04
1397000,5,"还可以，就是小了一点。",2018-06-16 20:31:55
1397000,5,"不错，很好玩，孩子xihuan",2018-06-16 19:52:45
1397000,4,"一般，试了两下，摔了，到没坏，就是好像磕掉了点漆",2018-06-17 18:25:09
1397000,5,"非常好玩 适合小孩",2018-06-16 20:01:55
1397000,5,"飞丢了",2018-06-16 13:25:20
1397000,4,"小朋友很喜欢",2018-06-16 12:30:40
1397000,1,"它飞走了，飞走了，走了<U+0001F62D>
左右键没用，一键返航也没用，它就自己默默的飞去了远方，只能说，听一句老人言，别在室外玩，这真的没你想的那么智能，好难过<U+0001F62B>",2018-06-16 15:48:15
1397000,5,"精致",2018-06-16 10:48:19
1397000,5,"很好玩，就是操控还要再熟悉熟悉，非常满意",2018-06-11 17:34:01
1397000,5,"赞赞赞，大家都说好！会再回购！",2018-06-13 15:04:04
1397000,5,"很好玩，给家里小朋友买的，结果我自己玩嗨了，哈哈",2018-05-31 07:37:52
1397000,5,"买给小朋友的，很喜欢",2018-06-15 00:01:25
1397000,5,"好玩，",2018-06-15 10:36:54
1397000,5,"很小巧，宝贝很喜欢，就是感觉不太牢靠，飞落一次后有一个翅膀收不起来了已经",2018-06-15 07:38:35
1397000,5,"还行，就是无法悬停",2018-05-10 19:21:10
1397000,5,"好品质！好服务！第一次质量有问题给退换了。严选的服务无懈可击。",2018-05-07 21:57:42
1397000,5,"非常好，需要熟练掌握飞行技巧，上手后很好玩。",2018-06-12 02:31:10
1397000,5,"退了，不好用",2018-05-28 13:29:08
1397000,5,"很好玩，儿子很喜欢，非常棒的购物体验",2018-06-13 14:19:06
1397000,5,"挺好玩的，六一礼物<U+0001F381>，就是方向不太好控制",2018-05-20 06:36:44
1397000,5,"想要玩就试试，看着一般，也就价格决定外在。",2018-06-05 13:23:49
1397000,5,"买了两个送结外<U+3F52>，外<U+3F52>女他们很喜欢",2018-06-05 12:41:19
1397000,5,"不好控制，飞行时间太短了。",2018-06-07 11:38:10
1397000,5,"挺好的，很精致",2018-06-13 00:13:48
1397000,5,"很好的一次购物",2018-06-13 17:44:18
1397000,5,"挺耐摔的",2018-06-13 12:08:15
1397000,5,"还可以",2018-06-13 12:44:22
1397000,5,"蛮好玩。就是另一份多备的叶片都用不了。。。。有点坑。",2018-06-15 11:31:40
1397000,5,"可",2018-06-13 00:53:34
1397000,5,"物美价优有逼格",2018-06-12 09:40:47
1397000,5,"一起交通事故责任认定",2018-06-12 13:46:57
1397000,5,"一般",2018-06-12 18:23:43
1397000,5,"东西不错，但我玩了几次跌坏了",2018-06-13 16:19:24
1397000,5,"超喜欢。特别可爱。嘻嘻 每种颜色画了画。 嘿嘿嘿",2018-06-03 22:28:22
1397000,5,"送给小朋友的，不知道好不好",2018-06-11 10:00:59
1397000,5,"超级赞，还可以涂鸦",2018-06-11 21:24:04
1397000,5,"挺好的，很扛摔，质量不错",2018-06-10 00:08:45
1397000,5,"儿子玩了一段时间，抗摔",2018-06-10 06:31:27
1397000,5,"很好",2018-06-10 12:49:55
1397000,5,"66666",2018-06-10 15:29:31
1397000,4,"满意",2018-06-10 07:05:38
1397000,5,"很好很好很好很好很好！",2018-06-09 12:09:54
1397000,5,"比预期的小，不过很好玩，质量不错很禁摔",2018-06-01 15:33:36
1397000,5,"六一节礼物，小侄子很喜欢<U+0001F60A>",2018-06-09 16:10:44
1397000,5,"不错  摔了好几次  依然安全飞行",2018-06-09 11:31:33
1397000,5,"大小与鸡蛋差不多，略大一些。撞了好几次，没坏，还挺结实",2018-06-10 07:49:15
1397000,5,"买给男票的 很喜欢",2018-06-09 22:43:34
1397000,5,"挺好的 还会再来",2018-06-09 00:07:25
1397000,5,"小朋友特别喜欢",2018-06-09 09:48:12
1397000,5,"好难啊，摔了十几二十次，除了一个风扇移位转起来会摩擦蛋身，需要手动调调外，还没其他毛病。整体很轻，看起来不是特别结实的那种。很有童趣的东西。",2018-06-11 18:19:57
1397000,2,"操作复杂",2018-06-10 20:24:13
1397000,5,"很好！",2018-06-09 17:22:34
1397000,5,"还好。",2018-06-09 16:09:56
1397000,5,"<U+0001F44C>",2018-06-09 13:18:12
1397000,5,"东西好玩，就是我还不会收放自如，老是撞到东西",2018-05-02 17:16:21
1397000,5,"这个有点小意思",2018-06-11 11:48:23
1397000,5,"不好",2018-06-10 02:36:35
1397000,5,"小孩很喜欢，能画还能飞，一举多得",2018-06-06 15:43:59
1397000,5,"很好玩的一个小玩具，大人孩子都适合",2018-06-06 09:12:19
1397000,5,"<U+0001F44D><U+0001F44D><U+0001F44D>",2018-06-08 17:35:51
1397000,5,"不错，非常满意！",2018-06-08 10:04:25
1397000,5,"飞行的很平稳，就是飞行时间太短，充电时间比较长，但是这个价格已经性价比很高了。",2018-06-09 20:12:29
1397000,5,"很好",2018-06-08 15:27:39
1397000,5,"还不错",2018-06-08 11:20:02
1397000,5,"非常好玩",2018-06-08 10:34:35
1397000,5,"好",2018-06-08 16:37:27
1397000,5,"没试，希望良品啊，送人的哦",2018-06-07 20:42:15
1397000,4,"可玩性一般，最多就是个会飞的玩具，受风影响比较大，不建议手残买，买了就是闲置",2018-06-01 01:37:49
1397000,5,"第一次就飞走了……",2018-06-07 00:02:04
1397000,5,"挺有意思的",2018-06-07 10:29:55
1397000,1,"满怀期待的收到宝贝，等着下班带回家给满怀期待的孩子。可惜，充好电，拿着遥控器按下一键启飞、飞飞飞不起来、一动不动、再次仔细看说明书，操作可能复杂，但是起飞不复杂啊，不动、各种不动，一动不动是王八。。。伤不起啊，换货又得等，现在我很担心这玩意是不是就算飞起来也很容易坏、还没飞起来就这样了，飞起来会不会、哎、好恶心，心烦，严选这次让人很失望",2018-05-21 14:23:56
1397000,5,"价廉物美，绝对不仅仅是简单玩具的品质！",2018-06-06 23:30:08
1397000,5,"还没玩过，以后再说",2018-06-06 21:55:20
1397000,1,"做工粗糙，并且有质量问题，为何不能退货。即使你会说100多块能有什么好东西，但请对得起严选这个品牌。",2018-06-03 12:04:55
1397000,5,"还可以",2018-06-06 15:10:39
1397000,5,"收到了，打开惊喜，小孩很喜欢，学习玩法中<U+0001F44F>",2018-05-28 15:37:05
1397000,5,"建议大空间飞行",2018-06-01 10:31:27
1397000,5,"小孩子蛮喜欢的",2018-06-05 15:39:07
1397000,5,"飞走了",2018-06-05 21:03:07
1397000,5,"非常满意",2018-06-05 20:01:40
1397000,5,"好",2018-06-05 10:02:08
1397000,5,"挺好玩儿，就是送的电池没电了。",2018-06-01 01:29:34
1397000,5,"最好网上能发个视频的使用说明书，这样就完美了",2018-05-21 13:13:17
1397000,5,"娃的六一节礼物<U+0001F381>，非常开心好玩",2018-06-04 10:13:42
1397000,5,"送朋友孩子",2018-06-04 09:17:47
1397000,5,"严选品质，发货迅速，拿到手的宝贝，感觉非常满意",2018-05-26 17:44:12
1397000,4,"小朋友操作不够",2018-06-05 22:25:05
1397000,5,"飞起来了，还没调试好",2018-06-03 11:44:17
1397000,5,"很轻巧，操作简单，很快就学会了",2018-06-03 11:02:26
1397000,5,"充电1小时  飞行5分钟   这点很蛋疼",2018-06-04 23:26:50
1397000,5,"希望用顺丰发货",2018-06-03 07:01:30
1397000,5,"蛋蛋不错",2018-06-03 06:58:07
1397000,5,"非常好玩，耐摔，就是电池容量太小，没玩尽兴就没电了。需要一定的操作基础。仔细看说明书还是可以学会的",2018-06-04 16:02:36
1397000,5,"挺好玩的 小朋友就是操控起来还是有点难度 经常摔",2018-06-05 10:31:26
1397000,5,"玩了一次感觉好难玩",2018-06-04 20:08:31
1397000,5,"好玩",2018-06-03 21:30:05
1397000,5,"棒",2018-06-03 02:49:16
1397000,5,"开始飞了，不熟悉，还需多练习",2018-06-02 20:59:15
1397000,5,"物超所值  这四个字够了",2018-06-02 00:06:39
1397000,5,"很好玩的玩具，小孩非常喜欢！",2018-06-02 15:43:33
1397000,5,"第二次买，还是不错的。",2018-06-02 12:05:22
1397000,5,"东西不错，够结实，经常控制不好掉到地上，居然没事，太小的孩子玩不了，操作有些复杂。",2018-06-04 12:44:09
1397000,1,"差劲，质量不行，还不支持退换货，较不满意的一次购物，一只翅膀收不回，做工不精致，品控差劲<U+0001F44E>！操控也不是很容易。",2018-06-05 19:15:31
1397000,5,"非常满意，质量很好",2018-06-02 14:07:28
1397000,5,"还没拿出来玩",2018-06-02 00:00:35
1397000,5,"小朋友们很喜欢",2018-06-02 08:56:01
1397000,5,"儿童节礼物",2018-06-02 15:22:45
1397000,5,"好",2018-06-02 15:17:23
1397000,5,"喜欢",2018-06-02 02:19:53
1397000,3,"说实话，方向感不容易掌握，而且他会自己乱动，就飞了两次，掉下来4个壁有一个就放不回去了……",2018-06-05 10:40:40
1397000,5,"精致 还没用 给儿子囤着的",2018-06-01 12:04:30
1397000,5,"超级好玩！！！操控性也很好",2018-06-01 00:14:11
1397000,5,"孩砸还是很喜欢的",2018-06-01 13:28:00
1397000,5,"还不错，正在熟悉操作",2018-06-01 07:22:35
1397000,5,"严选产品质量保证",2018-06-01 10:29:52
1397000,5,"翅膀张开有点问题，已退，但还是相信严选",2018-06-05 11:05:04
1397000,5,"操作起来有难度！",2018-06-01 13:26:25
1397000,5,"拍了视频不能发。。很好玩，就是待机时间短了点",2018-06-01 21:33:15
1397000,1,"1.质量一般，第一次收到的物品有问题，商品封口有明显被拆痕迹，飞蛋其中一个扇叶不平，反馈客服等了3天终于同意换货，为什么不能退呢？原来该飞蛋不支持无理由退货，霸王条款。
2.更换的飞蛋61总算到了，试飞了几次，掉地下过，其中一个扇叶竟然开始转的时候打击到蛋体，客服让我掰一下，掰一下？
3.最后一次使用严选，彻底失望。",2018-06-06 08:41:25
1397000,5,"抗摔",2018-06-01 20:54:33
1397000,5,"小孩喜欢",2018-06-01 08:14:20
1397000,1,"这玩具太不实用，61买给娃的，一次没飞起来！还不退换！垃圾中的战斗机！",2018-06-07 11:09:55
1397000,5,"质量很好，物流很快，非常满意。",2018-05-31 08:56:14
1397000,5,"比较容易操作小孩非常喜欢玩。",2018-05-31 08:41:44
1397000,5,"挺好玩儿的非常喜欢",2018-05-31 21:46:24
1397000,5,"网易智造遥控小飞蛋",2018-05-31 16:55:36
1397000,5,"给大朋友玩，呵呵",2018-05-31 14:50:38
1397000,5,"娃挺喜欢的<U+0001F60D>",2018-05-31 11:25:46
1397000,5,"一次性买了2个送人。",2018-05-31 08:43:43
1397000,5,"小东西很不错的",2018-05-31 23:23:29
1397000,5,"很好玩，哈哈，不错哦",2018-05-31 12:20:11
1397000,5,"很不错，不过没那么容易操控",2018-06-01 21:27:02
1397000,5,"比较难控制",2018-05-31 16:59:14
1397000,5,"不错，很好玩",2018-05-31 10:02:38
1397000,5,"挺好的",2018-05-31 00:26:36
1397000,5,"说结实吧 摔一次成这了
说不结实吧 6 7米树上掉下来 还是这样子",2018-05-31 22:11:34
1397000,5,"小巧玲珑",2018-05-31 12:00:57
1397000,5,"ewrereggfgf",2018-05-31 10:44:45
1397000,5,"东西不错，就是到现在还没完全掌握技巧",2018-05-26 20:07:41
1397000,5,"孩子们很喜欢，成了小区焦点了",2018-05-30 15:24:51
1397000,5,"很棒，男朋友很喜欢，不太好控制",2018-05-30 13:58:25
1397000,5,"过年买了送干儿子的，玩得挺嗨。小巧易携带可以放口袋。",2018-04-23 21:08:54
1397000,5,"买来给我家大宝宝玩的，他表示很喜欢",2018-05-22 20:56:24
1397000,5,"宝贝收到了，回头看下试飞效果",2018-05-30 17:46:26
1397000,5,"很好满意",2018-05-30 11:19:23
1397000,5,"好东西",2018-05-30 16:31:10
1397000,5,"还行",2018-05-30 15:25:23
1397000,5,"送人，反馈还不错，打算再买两个。",2018-05-29 23:44:38
1397000,5,"性价比挺高的，小朋友玩刚刚好",2018-05-29 10:53:23
1397000,5,"买了三个了，送小朋友不错",2018-05-29 18:47:02
1397000,5,"好玩，有摄像头就更好了",2018-05-29 16:55:26
1397000,4,"创意不错,质量一般",2018-05-29 14:24:46
1397000,5,"还不错哦哦",2018-05-29 13:20:45
1397000,5,"孩子很喜欢",2018-05-29 12:43:50
1397000,5,"送人",2018-05-29 21:34:59
1397000,5,"特别好玩，特别小巧，正在磨合操作。很喜欢。",2018-05-28 20:31:24
1397000,5,"看起来很不错，送给朋友的，很好",2018-05-28 08:46:33
1397000,5,"飞高了就没信号了，控制不了了",2018-05-26 18:28:17
1397000,5,"好小，飞得还行吧",2018-05-28 19:14:03
1397000,5,"挺好的，孩子很喜欢",2018-05-28 14:30:55
1397000,5,"送同事家宝宝的，非常好玩",2018-05-28 06:41:59
1397000,5,"小朋友玩的很开心",2018-05-28 10:34:26
1397000,5,"小飞机 小 好玩 不知道什么时候玩坏 哈哈<U+0001F604>",2018-05-19 12:59:39
1397000,5,"东西不错，相信严选！",2018-05-27 17:43:00
1397000,5,"一般吧，挺薄的",2018-05-27 15:28:47
1397000,5,"好",2018-05-27 22:18:15
1397000,5,"送同学的生日礼物，同学超开心<U+0001F60A>",2018-05-26 22:15:38
1397000,1,"误操作，选了100块严选礼券。发现里面没有啥自己想要的，于是加了30块，买了这款无人机。到货后，仔细阅读无人机说明书，在家里小玩一次就没电了。充电后还想玩一次，发现已经飞不起来了，四个螺旋桨都能旋转，但是起飞阶段会往后栽到地板上，根本飞不起来。然后果断申请退货，发现竟然退不了，申请换货也不行。第一次用严选就遇到坑。",2018-05-27 17:03:52
1397000,5,"超级耐摔…质量不错",2018-05-26 12:12:32
1397000,5,"东西不错。小孩喜欢玩",2018-05-26 10:04:33
1397000,5,"儿童节礼物",2018-05-26 19:15:00
1397000,5,"小飞蛋孩子很喜欢！",2018-05-25 19:01:45
1397000,5,"孩子们都喜欢",2018-05-25 00:55:12
1397000,5,"很好玩",2018-05-25 17:38:42
1397000,5,"很好 操控有些难 逐渐练习",2018-05-24 07:10:06
1397000,5,"还没用，看起来不错",2018-05-24 12:01:48
1397000,5,"上手有点难，不过挺好玩的",2018-05-23 07:25:55
1397000,5,"感觉还行 希望小朋友喜欢",2018-05-23 09:45:55
1397000,5,"比较有趣",2018-05-23 22:36:41
1397000,5,"还行，就飞的时间偏短",2018-05-22 16:01:15
1397000,5,"难玩不受控制",2018-05-22 12:11:52
1397000,5,"看见了",2018-05-22 12:38:57
1397000,5,"好",2018-05-22 23:53:21
1397000,3,"一扇门关不上，客服让邮回去，懒得邮了。",2018-05-26 18:35:37
1397000,5,"太好玩儿了，几个孩子不亦乐乎",2018-05-21 15:35:22
1397000,5,"小朋友很喜欢。第二次买了",2018-05-21 09:20:56
1397000,5,"质量不错",2018-05-21 13:55:42
1397000,5,"很不错",2018-05-21 11:10:31
1397000,5,"很好玩",2018-05-21 08:17:38
1397000,5,"这个是真好玩，我的儿童节<U+0001F381>，明天上色。",2018-05-18 16:52:24
1397000,5,"儿子喜欢就是好！！！",2018-05-20 11:07:03
1397000,5,"小巧玲珑，做工精细，控制灵敏，送哥们孩子的，第五个了",2018-05-17 23:16:05
1397000,5,"很萌的小蛋蛋",2018-05-19 18:18:15
1397000,5,"不容易操作",2018-04-27 16:12:29
1397000,5,"小巧，超好玩儿，就是怕飞出去找不到",2018-05-16 21:25:19
1397000,5,"很好的小玩意。",2018-05-18 02:12:49
1397000,5,"不错",2018-05-18 09:41:08
1397000,5,"不错",2018-05-18 09:41:00
1397000,5,"小巧玲珑，精致抗摔，孩子很喜欢，第三个了",2018-05-17 23:14:26
1397000,5,"小巧玲珑，做工精细，控制灵敏，第四个了",2018-05-17 23:15:33
1397000,5,"小巧玲珑，飞行平稳，操作有意思，第二个了",2018-05-17 23:13:29
1397000,5,"很好玩的小飞蛋",2018-05-17 16:23:35
1397000,5,"能彩绘是另一个亮点",2018-05-17 12:04:19
1397000,5,"小巧玲珑，很有意思，孩子很喜欢！",2018-05-17 23:11:53
1397000,5,"非常完美不错",2018-05-17 03:26:11
1397000,5,"没灵魂",2018-05-17 12:09:19
1397000,5,"好好好",2018-05-17 02:24:48
1397000,5,"好好好",2018-05-17 02:24:43
1397000,5,"好好好",2018-05-17 02:20:17
1397000,5,"好好好",2018-05-17 02:20:08
1397000,5,"好",2018-05-17 14:04:44
1397000,5,"很有意思的小玩具",2018-05-16 22:58:13
1397000,5,"跟预期的有些差距，使用体验有待后续",2018-05-16 13:54:01
1397000,5,"挺好",2018-05-16 08:46:55
1397000,5,"还可以",2018-05-16 08:39:28
1397000,5,"最后还是飞不见了，泡了水撞了机叶片go die之后，还玩了半个月后才失踪。",2018-05-18 08:48:07
1397000,5,"给儿子的七岁生日礼物，很赞<U+0001F44D>",2018-05-15 10:03:13
1397000,5,"小飞机挂到了树上拿不下来了。",2018-05-15 14:05:41
1397000,5,"蓄电量太少玩不了多长时间，目前操作也不是很顺手 好烦",2018-04-27 20:04:18
1397000,5,"挺好玩，小巧",2018-05-15 19:13:52
1397000,5,"好",2018-05-15 21:04:12
1397000,5,"好",2018-05-15 13:26:33
1397000,5,"！！！！！！！！",2018-05-15 13:26:54
1397000,5,"我有点笨，操作不来，学习中",2018-05-12 11:48:24
1397000,5,"给儿子买的，挺好玩，儿子喜欢",2018-05-14 15:51:01
1397000,5,"不错，就是续航短",2018-05-14 13:57:22
1397000,5,"蛮好玩的",2018-05-14 19:49:48
1397000,1,"什么垃圾，最多飞6分钟，充电45分钟，你们脑补下，这种货能买吗？谁买谁后悔，所以不让退货。这就是严选，对消费者真是严格啊，受教了。",2018-05-15 18:33:54
1397000,5,"同事很喜欢",2018-05-14 13:27:23
1397000,5,"不错",2018-05-14 13:08:04
1397000,5,"灵活的蛋蛋",2018-05-13 11:31:44
1397000,4,"用过一阵后，翅膀会自己打开",2018-05-12 21:28:45
1397000,5,"第一天就飞出阳台，晚上真心找不到方向，估计楼层间风大，飞不回来直接撞墙上，",2018-05-15 13:02:56
1397000,5,"家里第二个了孩子很喜欢",2018-05-12 16:14:17
1397000,5,"还不错，飞得很稳",2018-05-12 06:12:23
1397000,5,"很好很强大",2018-05-12 01:06:32
1397000,5,"孩子很喜欢",2018-05-12 18:35:42
1397000,5,"感觉不错",2018-05-12 11:34:57
1397000,5,"好好好",2018-05-12 22:47:28
1397000,5,"上门取货，换货又快又好",2018-05-15 09:08:39
1397000,5,"好",2018-05-12 18:16:38
1397000,5,"送小孩的，小孩很喜欢",2018-05-11 11:26:19
1397000,5,"满意 非常不错",2018-05-11 13:59:04
1397000,5,"飞得时间长了就好了",2018-05-13 13:35:00
1397000,5,"刚到的时候还很心动，",2018-05-13 13:04:32
1397000,5,"很有意思",2018-05-11 22:17:47
1397000,5,"儿子喜欢",2018-05-11 17:01:21
1397000,5,"有创意",2018-05-11 14:08:52
1397000,5,"小孩子很喜欢，就是电池太不撑时候了，总体好评，",2018-04-26 21:08:03
1397000,5,"还行  飞起来不是很稳定 一不稳定就会乱撞 就是颜料颜色不多  无法画出我想要的图形",2018-05-06 10:09:09
1397000,5,"东西不错 就是开关键不灵敏",2018-05-10 14:22:37
1397000,5,"好看好玩",2018-05-10 22:37:36
1397000,5,"很好",2018-05-10 00:41:03
1397000,5,"不错！不错！",2018-05-10 00:26:19
1397000,5,"好",2018-05-10 18:29:17
1397000,1,"风叶强度不够，稍微一碰就断了，配件又没有的配，完全没用了",2018-05-11 16:35:30
1397000,5,"很可爱，小朋友非常喜欢<U+0001F495>电池续航时间再长一点儿就好啦！",2018-04-04 13:38:23
1397000,5,"有点小，还凑合",2018-05-11 21:27:29
1397000,5,"东西小巧，不错的玩具",2018-05-09 09:47:19
1397000,5,"酒足饭饱适用于",2018-05-09 18:33:42
1397000,5,"东西不错",2018-05-09 10:51:00
1397000,5,"好看",2018-05-09 12:21:12
1397000,5,"不错",2018-05-09 12:01:32
1397000,5,"好",2018-05-09 00:51:22
1397000,5,"挺好的 哈回来的",2018-05-08 17:24:53
1397000,5,"好玩，不易上手",2018-05-08 14:10:23
1397000,5,"非常好",2018-05-08 22:51:48
1397000,5,"给弟弟玩的，还不错",2018-05-07 20:39:00
1397000,5,"网易智造遥控小飞蛋",2018-05-07 19:09:13
1397000,5,"有点难控制，需要多练习",2018-05-07 16:13:50
1397000,5,"哈哈哈还好还好",2018-05-07 08:24:07
1397000,5,"好品质值得信赖！",2018-05-07 21:58:10
1397000,5,"小朋友很喜欢",2018-05-07 23:58:12
1397000,5,"好玩！！！",2018-05-07 16:05:05
1397000,5,"给外甥买的礼物，希望会喜欢",2018-05-06 08:47:49
1397000,5,"这个还有点复杂，准备给小朋友当六一礼物吧",2018-05-02 13:46:14
1397000,5,"不错",2018-05-06 21:17:23
1397000,5,"棒",2018-05-06 17:13:13
1397000,5,"好玩是挺好玩的，就是容易坏",2018-05-05 22:57:48
1397000,3,"不能悬停，不是很好控制",2018-05-07 08:25:08
1397000,5,"不管怎么样。还是感谢遇见你",2018-05-05 09:14:33
1397000,5,"三石哥的货一如既往的严选。",2018-05-05 08:39:16
1397000,5,"看操作有点麻烦，不过刚回来没有充电，还得充电",2018-05-08 13:01:37
1397000,5,"东西很不错的",2018-05-05 22:31:22
1397000,3,"有一边无论如何都关不了，可以更换吗？",2018-05-08 02:17:34
1397000,5,"很好玩",2018-05-05 11:40:53
1397000,5,"再次购买",2018-05-05 11:13:07
1397000,5,"东西不错",2018-05-05 08:05:07
1397000,5,"好玩",2018-05-05 22:14:11
1397000,5,"很好的小飞机，对于飞行控制非常有用",2018-05-03 15:04:17
1397000,5,"挺好的",2018-05-04 14:24:29
1397000,5,"好玩",2018-05-04 21:49:41
1397000,5,"满意",2018-05-04 21:39:20
1397000,5,"满意",2018-05-04 17:32:32
1397000,5,"好",2018-05-04 16:56:19
1397000,5,"不会玩很尴尬",2018-05-03 15:32:11
1397000,3,"发货太慢，处理缺货问题不灵活",2018-05-06 14:27:21
1397000,5,"儿子非常喜欢，只是不太会玩",2018-05-03 21:02:41
1397000,5,"挺好的 还会再来",2018-05-03 00:04:12
1397000,5,"挺好的 没有失望",2018-05-03 17:21:16
1397000,5,"666",2018-05-03 10:24:00
1397000,5,"好玩",2018-05-03 09:26:16
1397000,5,"买了一个有点小毛病！直接换新，就是快递慢点！其余没毛病！重点是超耐摔！！！！",2018-05-06 16:03:40
1397000,5,"/",2018-05-03 22:51:11
1397000,5,"好玩！小玩具不错",2018-05-02 14:44:00
1397000,5,"很棒呢",2018-05-02 13:35:44
1397000,5,"嗯哼",2018-05-02 10:51:23
1397000,5,"哦",2018-05-02 13:56:02
1397000,5,"有意思",2018-05-02 13:20:18
1397000,1,"产品收到后，外包装明显已被撕开且有破损。待试用后再补评",2018-05-02 10:02:48
1397000,5,"给六岁小孩买的……会玩……买完才意识到可能有危险",2018-04-09 08:33:16
1397000,5,"真的要给一个大大的好评！
第一次买来玩了两天不知道怎么机翼的弹簧掉了一个
无奈自己修不好去求助客服
在客服确认后直接给我申请了退换货
物流小哥还是亲自上门取货
给我换了个新的回来！
赞赞赞！",2018-04-30 18:34:08
1397000,1,"严选体验最差的一次，从下单到收货一个礼拜用了，最主要的是商品页也不提示商品没货",2018-04-26 09:37:01
1397000,5,"小巧精美，给小孩玩挺好，飞行还算比较稳。",2018-04-27 12:37:00
1397000,5,"质量不错，性价比高",2018-05-01 12:48:32
1397000,5,"很好",2018-05-01 23:26:56
1397000,5,"好～",2018-05-01 17:44:56
1397000,5,"chcjchdgjujujchchkvjchcjukvkcjchvjukk",2018-05-01 00:02:04
1397000,5,"很好玩哈哈哈，就是一开始不太会操作，很有意思",2018-04-23 10:11:47
1397000,5,"很好玩的小礼物",2018-04-30 10:03:12
1397000,5,"可以",2018-04-30 19:17:45
1397000,5,"好玩",2018-04-30 16:36:00
1397000,4,"都是很不错的产品，用心制造和挑选的，网易加油，更进一步。",2018-04-07 21:36:43
1397000,5,"还没有开始玩！但是产品精致～包装也好！
网易严选～有好货",2018-03-25 14:38:44
1397000,5,"很耐摔，操作不复杂",2018-04-27 18:23:08
1397000,3,"东西一般，估计玩不几回就完蛋了",2018-04-27 14:33:44
1397000,1,"MMMMMMMP，开箱，起飞，然后，然后，，然后飞人家工厂里面去了，然后，走过去  找不到！！！找不到！！！剩下空空的我拿着空空的遥控器看着空空的天发呆",2018-05-02 12:45:59
1397000,5,"很不错的小飞蛋",2018-04-29 20:16:33
1397000,5,"非常好<U+0001F44D>，第二次买了，小孩超喜欢",2018-04-28 21:08:22
1397000,5,"感觉要花时间上手，哈哈",2018-04-28 06:34:56
1397000,5,"小盆友很喜欢",2018-04-28 11:16:55
1397000,5,"非常满意哦，服务态度很好，处理问题及时快捷",2018-04-26 19:40:05
1397000,5,"东西非常好，买的第二台给侄女",2018-04-27 07:43:44
1397000,5,"看着不错",2018-04-27 15:38:49
1397000,5,"好玩",2018-04-27 11:54:21
1397000,5,"这是买的第四个了，非常好",2018-04-26 22:06:23
1397000,5,"很棒，弟弟很喜欢。",2018-04-26 17:15:32
1397000,5,"孩子很喜欢呦",2018-04-26 19:10:11
1397000,5,"很好玩，操作方便，结实耐用。
缺点~充电没灯，充满也没灯。充电口很松。
建议~采用可换充电电池。孩子一次能玩久一点。",2018-05-01 13:13:00
1397000,5,"好玩",2018-04-26 11:16:01
1397000,5,"孩子非常喜欢用了一段时间，清洁能力挺好",2018-04-24 15:02:08
1397000,5,"东西非常不错，发货很不及时，但送的又很快",2018-04-18 19:21:40
1397000,5,"还不错，送给小孩的，不是太会玩，需要练习才行",2018-04-12 17:48:53
1397000,5,"我就是单纯的想抽个奖我就是单纯的想抽个奖我就是单纯的想抽个奖",2018-04-29 16:12:58
1397000,4,"送人的，就是小无人机吧，价格还算公道。",2018-04-21 21:58:23
1397000,5,"很好女儿很喜欢。",2018-04-25 12:41:28
1397000,5,"挺好，禁摔",2018-04-25 17:02:42
1397000,5,"送人的",2018-04-25 13:55:06
1397000,5,"比较难操控……",2018-04-24 18:42:08
1397000,3,"飞不起来",2018-04-30 09:13:40
1397000,5,"还没用，期待",2018-04-23 23:55:21
1397000,5,"小朋友很喜欢",2018-04-23 09:03:46
1397000,5,"非常好",2018-04-23 19:35:48
1397000,5,"很好",2018-04-23 13:52:55
1397000,5,"孩子很喜欢。充一次点可以玩一段时间。比较不好操作",2018-04-15 20:35:14
1397000,5,"高级玩具，初级无人机。",2018-04-22 04:16:25
1397000,5,"比较复杂的",2018-04-22 20:02:28
1397000,4,"还行吧",2018-04-22 10:11:38
1397000,5,"超酷炫 本来还想画画来着 没那实力",2018-04-20 01:54:42
1397000,5,"严选值得拥有和推介，希望一如既往地保持产品质量和服务水准。",2018-03-30 19:25:26
1397000,5,"操作逻辑感觉还是一般",2018-04-24 07:38:21
1397000,5,"有些复杂了！",2018-04-22 20:02:03
1397000,4,"功能单一，能飞。玩了几次就腻了……
～(￣▽￣～)~",2018-04-23 23:16:46
1397000,1,"网易差的一米，退货选择上门取货，结果东西被快递调包，网易说不货物不符，不能退货。关键京东快递是网易找来的，我要京东快递员电话也不给我，说保密。你让我怎么办，鬼知道你们和快递串通干了什么",2018-04-19 14:26:14
1397000,5,"不错，就是操作有点难，在家里没法玩。",2018-04-23 18:26:53
1397000,5,"小巧，说实话不太适合小朋友玩，螺旋桨没有保护而且因为太轻容易受到风的影响",2018-04-23 20:54:12
1397000,3,"第一个可能是坏的，没反应。两个就都退了。售后很好！",2018-04-22 15:27:17
1397000,5,"飞起来了~真有意思",2018-04-21 23:41:20
1397000,5,"送给小朋友的礼物，很喜欢",2018-04-21 23:04:45
1397000,5,"稳定性不够，不过这个价也不好要求多",2018-04-22 10:10:30
1397000,5,"孩子喜欢。谢谢！",2018-04-21 17:52:04
1397000,5,"小巧、精致。但小朋友还没有很好的掌握。",2018-04-19 10:06:52
1397000,5,"还没拆就送人了，家里的小朋友表示很不开心。",2018-03-29 21:10:32
1397000,5,"没琢磨明白怎么飞",2018-04-22 21:14:08
1397000,5,"性价比很高",2018-04-20 18:11:10
1397000,5,"这个是真好玩。减压神器。",2018-04-19 21:13:38
1397000,5,"到货了，感觉很棒",2018-04-19 09:11:26
1397000,5,"很好玩",2018-04-19 18:35:43
1397000,1,"有点脏，像是旧的一样的，咨询客服，没回我，很不满意的购物体验，懒得退了。运费贵",2018-04-21 18:21:36
1397000,5,"bnnmmmm",2018-04-19 22:58:08
1397000,5,"有点难操作",2018-04-20 16:47:20
1397000,5,"飞的高了就不受控制了，希望能改进控制范围保护",2018-04-18 09:53:58
1397000,5,"东西不错哦，女儿也很喜欢，她做了彩绘哟。",2018-04-15 23:15:18
1397000,5,"给朋友的孩子买的，孩子超级喜欢，说好酷",2018-04-15 12:04:16
1397000,5,"很可爱，有一定的操作难度。手感中规中矩。普普通通",2018-04-11 17:35:15
1397000,5,"可爱更好玩的小飞蛋",2018-04-18 22:23:39
1397000,5,"不错",2018-04-18 22:05:13
1397000,5,"送给朋友小孩，很快学会操控，挺好",2018-04-17 16:54:40
1397000,5,"质量不错，就是有点难操控",2018-04-17 21:59:04
1397000,5,"小飞蛋操作简单，而且耐摔。",2018-04-17 14:24:21
1397000,5,"儿子很喜欢他的生日礼物",2018-04-17 05:47:56
1397000,5,"换一个，然后就没有兴趣玩了，一直闲置",2018-04-18 12:29:20
1397000,5,"不错，操作简单，很容易学，但是总是会向前偏移，微调效果不明显",2018-04-17 20:34:22
1397000,5,"喜欢喜欢，太美腻啦",2018-04-17 10:05:03
1397000,5,"太好玩了",2018-04-17 16:14:45
1397000,5,"坏了？！摔坏了？！",2018-04-19 13:26:06
1397000,5,"挺好的",2018-04-17 17:46:47
1397000,5,"还行吧",2018-04-17 17:32:48
1397000,5,"给孩子买的玩具，很不错",2018-04-16 23:07:24
1397000,5,"小孩子喜欢，性价比超高",2018-04-16 20:49:15
1397000,5,"好玩，上手快，逗熊孩子利器啊",2018-04-15 23:55:20
1397000,5,"好玩，就是操作还不懂",2018-04-15 16:55:21
1397000,5,"还没飞，外型美观",2018-04-15 11:15:18
1397000,5,"撞了很多次才学会的<U+0001F600>室外风大会偏向，下地没有稳定过<U+0001F602>。充电时间长，玩的时间短，后续产品多加一个电池不知道行不行。评论加载不了图片，可能是我手机太慢。如果是严选系统问题，希望能改善，谢谢！
总的来说，不错。",2018-04-17 08:47:33
1397000,5,"电池不够用",2018-04-18 09:16:34
1397000,5,"灵额",2018-04-15 01:09:57
1397000,5,"有点粗糙",2018-04-16 15:30:21
1397000,5,"好评！",2018-04-15 21:55:14
1397000,5,"很好玩的小东西，女儿很喜欢",2018-04-14 09:00:08
1397000,5,"还在充电中，充满期待啊",2018-04-14 12:03:39
1397000,5,"质量不错 孩子很喜欢",2018-04-14 20:14:26
1397000,5,"很快上手，炫！",2018-04-14 23:47:03
1397000,5,"儿子超喜欢！",2018-04-14 16:50:45
1397000,5,"不错",2018-04-14 14:25:10
1397000,5,"一般",2018-04-14 13:23:55
1397000,5,"好玩，就是到处撞",2018-04-15 13:54:36
1397000,5,"小飞蛋很好玩买两个跟孩子一起比赛",2018-04-12 22:59:39
1397000,5,"送给孩子的礼物，之前那个已经玩坏啦",2018-04-13 03:04:53
1397000,5,"好玩安全无敌了",2018-04-13 12:00:20
1397000,5,"非常满意",2018-04-13 09:12:43
1397000,5,"小飞蛋还没有起飞  希望好玩吧 充电中",2018-04-11 10:47:07
1397000,5,"不错，需要练习才能把握好",2018-04-12 17:50:25
1397000,5,"好评",2018-04-12 10:14:03
1397000,5,"小孩的玩具 玩得不要太开心",2018-04-11 21:50:52
1397000,5,"造型有点意思，就是飞行时间短",2018-04-11 09:55:13
1397000,5,"很好，弟弟很喜欢。",2018-04-11 12:43:46
1397000,5,"还可以",2018-04-11 13:27:00
1397000,5,"还可以",2018-04-11 07:27:16
1397000,5,"操作有些复杂，飞蛋很轻。塑料材料",2018-04-14 08:18:22
1397000,5,"棒",2018-04-11 19:45:32
1397000,5,"好",2018-04-11 12:19:00
1397000,5,"好",2018-04-11 01:11:07
1397000,3,"不好控制，不知道怎么玩，挺复杂的",2018-04-12 12:03:04
1397000,5,"准备给小宝宝的生日礼物，希望给一个惊喜",2018-04-10 13:34:32
1397000,5,"还没试飞 送了电池 挺好",2018-04-12 10:48:21
1397000,5,"质量比较差，不过也说得过去，毕竟才100多块钱的东西也好不到哪里去。实物和图片介绍的差距挺大！翅膀收起来的时候收不紧一直自己会弹出来。起飞后速度太快，都不能平稳地飞行",2018-04-14 01:21:58
1397000,5,"非常不错，女儿喜欢！",2018-04-10 22:35:55
1397000,5,"小东西 很可爱",2018-04-10 10:08:20
1397000,5,"做工和质感很一般，感觉有点对不起这个价格。",2018-04-13 22:27:59
1397000,5,"做工粗糙，不过价格便宜，可以理解",2018-04-13 13:48:27
1397000,5,"还行",2018-04-10 11:21:57
1397000,5,"非常满意",2018-04-10 00:07:56
1397000,5,"不错",2018-04-10 11:43:47
1397000,5,"确实不错 防摔 方向掌控准确 时候小朋友玩",2018-04-08 13:08:53
1397000,5,"不错的小玩具，小朋友们都追着跑",2018-04-09 15:17:59
1397000,5,"给小朋友买的，有意思",2018-04-09 12:23:27
1397000,5,"还行",2018-04-09 20:15:12
1397000,5,"有点小",2018-04-09 18:43:42
1397000,5,"可以",2018-04-09 02:49:51
1397000,5,"电机容易坏，会掉，但是过几天自己又好了",2018-04-12 17:45:43
1397000,5,"这个很好玩 需要自己调 带个充电宝更爽",2018-04-05 17:41:38
1397000,5,"今天才收到，还没有上手，玩好了再来",2018-04-05 13:45:36
1397000,5,"很好，不错",2018-04-07 09:55:34
1397000,5,"非常棒，小朋友玩的很开心，结实无比",2018-04-06 21:54:30
1397000,3,"螺旋桨尺寸略大，会碰卡到机器身上。",2018-04-10 10:54:58
1397000,5,"很满意，操作简单，也耐摔",2018-04-06 15:24:11
1397000,5,"很小巧的玩具，小朋友挺喜欢",2018-04-06 00:30:36
1397000,5,"一如既往的好，很难控制",2018-04-06 09:10:44
1397000,5,"经济实惠！值得购买！！！",2018-04-06 10:42:30
1397000,5,"好玩是好玩，用了几次就坏了…",2018-04-10 14:16:46
1397000,5,"很棒！劲力十足。",2018-04-05 14:09:13
1397000,5,"小孩玩的好喜欢。",2018-04-05 14:03:17
1397000,5,"好，很好，非常好",2018-04-05 10:10:30
1397000,5,"不错就是掌控的技术还要加强",2018-04-10 10:04:41
1397000,5,"飞行时间太短了。",2018-04-09 09:39:45
1397000,5,"场地不够，耍不开。",2018-04-08 17:45:12
1397000,5,"被一岁半的儿子弄不见了，费了好大劲，最终是在一个废旧水桶里找到的。用水冲洗了一下，太阳下晒了一下，竟然还能用，心中窃喜。",2018-04-07 19:39:22
1397000,5,"非常好，喜欢",2018-04-05 21:52:36
1397000,5,"小朋友非常喜欢",2018-04-05 17:12:43
1397000,5,"孩子很喜欢",2018-04-05 10:41:21
1397000,5,"孩子很喜欢",2018-04-05 06:46:05
1397000,5,"有趣，玩玩",2018-04-05 23:44:06
1397000,4,"还可以",2018-04-05 08:11:05
1397000,5,"还好，没怎么玩会",2018-04-07 16:39:11
1397000,4,"可能自己笨吧，买了就没飞起来过",2018-04-09 10:31:28
1397000,5,"好",2018-04-05 18:27:22
1397000,5,"好",2018-04-05 14:31:55
1397000,1,"物流超级慢，无法知道收货时间，不知道东西在哪，完全查询不到；客服解决问题能力差，得不到想要的结果！",2018-04-05 20:39:59
1397000,5,"不看说明书玩不像，会了很简单",2018-04-04 17:55:51
1397000,5,"做工精细，赞",2018-04-04 22:35:59
1397000,5,"很好",2018-04-04 18:49:01
1397000,5,"66666666",2018-04-04 12:40:44
1397000,5,"耐摔。终于被我一屁股做下去断了翅膀",2018-03-31 16:53:15
1397000,3,"不是很好控制",2018-04-06 19:57:44
1397000,1,"不好用，容易开，不好操作",2018-04-05 22:46:07
1397000,3,"没飞几次就坏了。",2018-04-06 11:18:10
1397000,5,"很不错的玩具，只不过要避免小孩掰。。。",2018-04-02 10:26:24
1397000,5,"上手快，操作简单，孩子很喜欢",2018-04-02 17:44:45
1397000,5,"很有趣的玩具，孩子很喜欢。",2018-04-02 08:14:16
1397000,5,"就是有点难操控",2018-04-02 17:33:02
1397000,5,"好",2018-04-02 23:06:44
1397000,5,"好",2018-04-02 08:12:11
1397000,5,"多试几次就能熟练了",2018-04-06 18:57:16
1397000,5,"之前的有点小问题，给换了新的，孩子很喜欢",2018-03-25 07:19:30
1397000,5,"玩具蛮好玩的，就是一直飞很快没电了！",2018-03-19 16:12:00
1397000,5,"刚拿到手的时候小飞蛋总是45度地飞 玩久了才能控制好 儿子和老公抢着玩 美中不足的就是飞没多久就要充电",2018-04-09 12:25:37
1397000,5,"东西真不错，很好用，价廉物美",2018-04-01 16:45:54
1397000,5,"质量很好<U+0001F44C>，非常满意",2018-04-01 12:26:02
1397000,5,"刚刚收到，正在摸索中",2018-04-01 20:43:17
1397000,5,"很满意，就是感觉不是那么抗摔",2018-04-10 14:29:44
1397000,5,"不错，送人挺好",2018-04-01 11:05:47
1397000,5,"好评，好玩。小巧。",2018-04-01 22:25:45
1397000,5,"到手就被孩子玩坏了",2018-03-31 23:58:46
1397000,5,"第一次玩，撞了好几次，发现电池掉出来了，这个要咋整？",2018-04-05 18:29:45
1397000,1,"不好控制",2018-04-08 08:22:35
1397000,5,"不错不错，很好玩",2018-03-31 23:54:19
1397000,5,"不错不错",2018-03-31 22:43:19
1397000,5,"很好玩  就是操纵有点难",2018-03-30 11:49:02
1397000,1,"说实话，一星也勉强，产品做工粗糙，蛋用料透着廉价，控制器拉杆拉下来就弹不起来，这就是严选的品质？哪里严了？联系客服永远都是需要排队，只有机器人给你服务，打了好几遍电话终于受理退货，说好的运费险补偿也不见踪影，至少有个说法，啥都没有。一句话总结:产品质量差，售后服务没有，网易你还是回去做好邮箱这份很有前途的工作的吧。",2017-12-27 08:34:44
1397000,5,"挺好玩的",2018-03-30 09:12:58
1397000,5,"很好玩，不过需要多练习一下。",2018-03-29 11:58:15
1397000,5,"很可爱，可以自己在上面涂鸦，很特别很有意思，就是电量比较小，充一次电只能玩几分钟。",2018-04-03 18:22:26
1397000,5,"挺不错的，孩子很喜欢",2018-03-29 21:00:22
1397000,5,"好玩的小东西",2018-03-29 08:30:20
1397000,5,"买了4个，还行",2018-03-28 19:25:53
1397000,5,"很好",2018-03-28 20:25:26
1397000,5,"操控费了半天劲，熟悉后还是挺好玩的，就是电量太小，充一次电只能玩几分钟",2018-04-02 22:37:56
1397000,5,"很好玩的玩具，掌控需要些时间学习",2018-03-26 21:16:11
1397000,3,"充电那根线有问题 不是很灵敏，飞蛋很好玩",2018-04-02 23:26:46
1397000,5,"很好玩的小东西！",2018-03-27 23:52:14
1397000,5,"朋友非常喜欢",2018-03-27 23:56:43
1397000,5,"很好玩，孩子很喜欢",2018-03-26 20:09:05
1397000,5,"无需多说！无可挑剔！！",2018-03-26 17:27:19
1397000,5,"很喜欢可以玩了",2018-03-26 08:53:12
1397000,5,"儿子好喜欢",2018-03-26 09:02:55
1397000,5,"很好",2018-03-26 17:21:37
1397000,5,"很好",2018-03-26 10:30:51
1397000,5,"好用，好玩，性价比高，值得买",2018-03-25 11:22:47
1397000,5,"他真的起飞了！好激动！",2018-03-25 11:01:33
1397000,5,"挺好玩的hahahahahahhq",2018-03-25 14:12:52
1397000,3,"飞行时间太短了",2018-04-02 15:02:26
1397000,5,"小巧玲珑，操作感十足",2018-03-25 11:32:30
1397000,5,"东西不错",2018-03-25 16:30:55
1397000,5,"喜欢",2018-03-25 12:16:12
1397000,5,"60转，买来就拆开过，全新，ice930423。",2018-03-24 20:58:27
1397000,5,"没有想象中的那么好，过于复杂了，尤其是操控方面，希望继续努力，提供更多好东西",2018-03-28 23:01:14
1397000,5,"非常不错的小玩具，儿子很喜欢。",2018-03-24 13:15:39
1397000,5,"设计挺不错。",2018-03-24 14:54:00
1397000,5,"很好玩",2018-03-24 17:57:28
1397000,4,"好玩，撞坏一个扇叶，换的上去好像怎么都压不到底",2018-03-29 00:04:22
1397000,5,"好玩",2018-03-24 21:32:47
1397000,5,"买给小孩玩的，很耐摔。也很小巧",2018-03-22 18:27:11
1397000,5,"又买了一个送朋友孩子的",2018-03-23 22:41:24
1397000,5,"小外甥喜欢",2018-03-23 15:19:40
1397000,3,"塑料感比较强，有一个翅膀不容易弹出来，续航确实比较短，飞不了几次就得充电，悬空不稳定，不会定在一个地方，一直晃悠",2018-03-26 19:59:21
1397000,5,"不错",2018-03-23 21:27:54
1397000,5,"不错挺好的",2018-03-22 21:34:08
1397000,5,"很好玩啊，很容易上手，过年的时候就想买了，又没货，等了这么久终于买到了，快递还超级快",2018-03-30 17:02:21
1397000,5,"和好玩啊",2018-03-22 14:20:18
1397000,5,"老公觉得还可以，就是个玩具！不过也挺有意思的",2018-03-14 09:40:31
1397000,5,"孩子喜欢..有点难呢..",2018-03-21 09:49:17
1397000,5,"孩子很喜欢",2018-03-21 11:15:49
1397000,5,"不好用",2018-03-28 14:42:10
1397000,5,"儿子喜欢",2018-03-21 22:49:51
1397000,5,"好用",2018-03-21 22:01:47
1397000,5,"好玩",2018-03-21 12:15:46
1397000,5,"换了次货，很好玩，希望飞行时间能长点",2018-03-19 16:18:15
1397000,5,"很好玩，女儿挺喜欢的。",2018-03-20 21:51:38
1397000,5,"很棒我弟超喜欢",2018-03-20 10:26:11
1397000,5,"好的ヾ ^_^<U+266A>",2018-03-20 14:27:45
1397000,5,"s送小孩玩",2018-03-20 12:01:08
1397000,5,"能飞",2018-03-20 15:08:08
1397000,4,"玩了一天，挺不错的，唯一就是掉地上起不来！立地性不太好",2018-03-25 22:50:40
1397000,5,"不错",2018-03-20 14:41:13
1397000,5,"好",2018-03-20 11:45:21
1397000,5,"好玩",2018-03-20 08:23:39
1397000,1,"在网易买的第一个不满意的商品，第一，充电时间长，可玩时间短，第二，遥控经常反应不灵敏，第三，评论中的耐摔不知从何而来，刚玩两次就把扇叶摔的跟蛋接触紧密以致不能转动，第四，这样的价格和质量比，只能说性价比超低",2018-03-25 22:49:27
1397000,5,"不是很稳，连接信号容易丢失",2018-03-24 17:49:20
1397000,5,"很好，很不错，还没有试飞",2018-03-19 14:23:05
1397000,5,"有趣",2018-03-19 21:49:48
1397000,5,"可操控性不是很高，但是还是多好玩的",2018-03-25 20:58:19
1397000,5,"很好玩，就是飞行模式摇摆不定",2018-03-18 11:30:18
1397000,5,"还没完玩",2018-03-18 10:35:00
1397000,5,"不错，小朋友喜欢",2018-03-18 07:43:28
1397000,5,"好",2018-03-18 08:53:33
1397000,5,"哈哈，好玩，小朋友很喜欢",2018-03-17 09:18:32
1397000,5,"很好玩。",2018-03-17 10:44:34
1397000,5,"还行",2018-03-17 09:59:06
1397000,5,"很有意思。需要在空旷地方玩。入门级。",2018-03-16 18:27:41
1397000,5,"其中一个扇叶装的不太好，会打到飞行器，希望质量方面再改进下。还是挺好玩的，送给男朋友他很喜欢。",2018-03-24 08:59:44
1397000,5,"飞的不流畅",2018-03-22 09:43:21
1397000,5,"非常好，朋友的孩子都喜欢",2018-03-16 09:40:57
1397000,1,"因为操作有点难度，给小孩玩的基本都是让他在床上练习玩。到房间玩了几次，每次都能把外壳甩得四分五裂，干脆用透明胶贴了外壳。结果一次直接摔断了一个翅膀，不知道何谓“坚强耐摔”？客服人员说，这属于人为问题，跟商品质量无关。",2018-03-23 23:52:29
1397000,5,"小小的玩意，居然有如此多样的玩法，大赞啊",2018-03-24 14:51:53
1397000,5,"儿子喜欢，物有所值",2018-03-16 18:24:11
1397000,5,"我弟弟特别喜欢，爱不释手",2018-03-16 16:13:24
1397000,5,"外甥女很喜欢",2018-03-16 16:39:02
1397000,5,"好",2018-03-16 07:48:37
1397000,5,"这个比大疆难操作一百倍<U+0001F605>",2018-03-15 08:11:19
1397000,5,"不错的小玩具",2018-03-15 18:54:48
1397000,5,"送人的，",2018-03-15 09:15:00
1397000,5,"好玩",2018-03-15 10:52:37
1397000,5,"原本买给小侄子玩的，大人试了试，发现叶子起飞的时候容易割到手，所以没敢给小孩玩，退回去了",2018-03-24 08:22:58
1397000,5,"非常6 只不过，第一天玩就飞走了",2018-03-22 07:42:45
1397000,5,"送给男朋友 玩得非常开心",2018-03-14 11:08:38
1397000,5,"还没玩",2018-03-14 21:42:15
1397000,5,"不怎么好控制",2018-03-22 09:09:13
1397000,5,"好",2018-03-14 21:02:05
1397000,5,"好",2018-03-14 21:01:51
1397000,5,"很不错的小飞蛋",2018-03-13 21:14:53
1397000,5,"很好，送人的",2018-03-13 14:36:42
1397000,5,"那什么非常好",2018-03-13 18:40:12
1397000,5,"小朋友非常喜欢",2018-03-13 11:24:09
1397000,5,"好",2018-03-13 16:40:12
1397000,5,"好",2018-03-13 14:36:04
1397000,5,"好东西，性价比高，孩子玩的很开心，望以后研发出更好更高端的产品，加油！",2018-02-09 07:45:36
1397000,5,"嗯嗯！给小朋友买的！小朋友很喜欢！就是稍微有点不那么好操作！多玩几次就好了",2018-02-24 10:17:03
1397000,5,"限时购里抢的，真的跟鸡蛋一样大小<U+0001F604>
能飞很高，不愧智造。",2018-03-09 07:11:07
1397000,5,"哈哈哈非常喜欢，不过飞起来的时候有点害怕，怕被摔坏，希望网易出大一点的无人机",2018-02-03 20:24:09
1397000,5,"很好玩的，就是叶片断了基本就费了，因为没有叶片配，严选应该尽快推出叶片",2018-01-25 00:32:44
1397000,5,"一分价钱一分货，质量还凑合，操控需要练习，入门算不错的选择，动力还挺强的",2018-01-22 01:28:11
1397000,5,"真的很不错，给小朋友玩儿基本达到了大疆无人机的效果，关键是便宜结实不容易坏！对风的抵抗力差一些",2018-02-04 12:54:39
1397000,5,"好玩，高低控制什么的很好操控，收起来也方便，如果能用手机控制，带的东西就更少了",2018-01-07 20:03:41
1397000,5,"非常满意，网易的售后没的说，已经推给身边的朋友，大家也都很喜欢，赞一个",2018-01-14 18:05:12
1397000,5,"比想象中的好，虽然特别轻，但是飞的特别高，开始操作比较难，但还好，10岁侄子的礼物，希望他喜欢",2018-01-31 06:48:04
1397000,5,"作为儿子的新年礼物，功能挺多的，新手需要多加练习，正好培养孩子的学习能力和耐心",2018-02-01 08:53:56
1397000,5,"这蛋蛋可以，就是好轻，有风时不怎么受控，但确实超级耐摔",2018-03-17 00:31:12
1397000,5,"质量很不错，能飞很高，就是不太好操控，找个空地和小侄子开心的玩，找回了童年的感觉",2018-01-23 13:48:12
1397000,5,"很好的质量，值得再次购买，包装很精致，快递速度也快，都是送上楼的。",2018-02-01 14:19:04
1397000,5,"自带画笔、颜料、电池、螺丝刀，考虑周到，到手即可玩。
摔在地上一般也不会坏。
操作简单。性价比超高！",2018-01-19 13:17:13
1397000,5,"买给朋友孩子的生日礼物，应该会喜欢，具体没问，过几天买给自己的到货了再评论",2017-12-09 17:42:56
1397000,5,"很不错的小玩具，送人的好礼物，孩子很喜欢。可培养孩子 的美感和学习科技知识 。",2017-12-26 12:36:20
1397000,5,"因为是送人的 放了一段时间才试 发现有问题 一联系就给操作退换了 春节还让顺丰来取走 很方便 节后换回来就能飞了 一次就对严选的售后放心了",2018-03-15 12:00:14
1397000,5,"这小飞蛋，我得好好练习，目前还没能成功飞起来呢，继续学习实践",2018-02-20 23:34:18
1397000,4,"还不错，就是电池用的时间不长",2018-03-16 21:44:24
1397000,5,"打开看了下，儿子回老家，过几天回来一起玩，很有科技感，不知道通不能驾驭的了",2017-12-25 18:59:16
1397000,5,"小型飞行器孩子很喜欢！一起买了3个其中2个送小朋友了，很不错的一款礼物深得男孩子的心<U+0001F601>",2017-12-06 19:59:28
1397000,5,"小外甥不会玩，唉浪费了",2018-03-15 13:40:38
1397000,5,"希望有英文说明书（电子版也可以）",2018-03-14 18:17:37
1397000,5,"买过一个 这个给儿子的好朋友买的 非常喜欢 质量很好 网易值得信赖",2018-02-16 21:34:01
1397000,5,"大年初一顺丰到货，给孩子的礼物，非常满意！操作不当高空摔了两次还正常，杠杠滴！",2018-02-16 19:19:56
1397000,5,"小孩太小还不能玩，存着吧",2018-03-15 00:41:12
1397000,5,"不错，挺好的，买来送人的，对方很喜欢简单易操作还能动手画画",2018-03-13 09:59:59
1397000,5,"送给儿子的生日礼物，儿子非常喜欢，质量也很好，摔了很多次，也没有坏。",2018-03-12 06:15:27
1397000,5,"换了一个以后，现在好多了，孩子喜欢玩，而且的确耐摔！就是电池容量小，玩不了几分钟",2017-11-17 09:03:42
1397000,5,"东西不错 在房间里面挺好玩的。然后撞多了 就有点不受控制了。",2018-03-16 14:53:27
1397000,5,"挺好玩，也不贵，孩子小不好控制，等我玩熟了再教孩子玩",2018-02-03 11:33:21
1397000,5,"还没用用，看上去超赞的！孩子马上就要考试了，考完给她的<U+0001F381>",2018-01-24 21:05:15
1397000,5,"飞蛋很有个性，试飞就吸引了大量看客的目光，就是操作还不熟练",2018-01-20 22:45:30
1397000,5,"这个价位买一个小飞机很值得。操控比想象的难，准备在广场上玩。",2018-02-15 16:34:00
1397000,5,"挺好玩的，我女儿很喜欢，就是孩子太小了，等大点再玩",2018-02-05 22:15:09
1397000,5,"孩子很喜欢，总是玩着哈哈大笑，看到孩子开心，父母也很开心，东西物有所值。",2018-03-08 23:21:47
1397000,4,"这个价格跟淘宝上其他的玩具差不多，嗯，飞行起来也还算不错，嗯，就是不知道耐不耐摔当玩具还可以。",2018-01-21 13:59:00
1397000,5,"这个是换回来的 飞的不错 挺小巧还有意思 就是一次充电 能飞的时间太短",2018-03-15 11:57:08
1397000,5,"很好，除了每次智能用6分钟之外，一切都没话说。小朋友也能操控。",2018-03-06 13:29:14
1397000,5,"那其实挺好玩的 一个小东西 比较小巧 有点儿让人想不到的感觉",2017-12-30 12:42:37
1397000,5,"还行，给差评的感觉是吧操作想简单了，熟悉一阵操作后还是挺好玩的",2017-10-24 09:33:33
1397000,5,"挺好玩的，就是目前还不太会操作。送朋友的礼物，挺喜欢的",2018-01-17 11:19:38
1397000,5,"浆叶旁应该加装保护，尾部多一个感应就更好玩了。入门级算是可以的啦！",2017-11-16 18:29:04
1397000,5,"不好遥控啊，是我太笨了吗，一直没有弄明白怎么悬停",2018-03-10 13:34:32
1397000,1,"买了两次，玩两次就出问题！飞不起来，平衡有问题！",2018-03-06 14:11:08
1397000,5,"给朋友买的生日礼物，，不知道玩的如何。一直很信赖严选，希望这次同样有惊喜",2017-11-12 21:41:43
1397000,2,"侄子玩了一天就搞坏了，感觉保护性有点差，不耐碰撞",2018-03-08 13:35:03
1397000,5,"非常好看的东西，还没开始玩，给弟弟和朋友买的，玩过再来追评",2017-12-08 19:54:37
1397000,5,"送给舍友的，他很喜欢，严选的东西很踏实，下次还会再来！",2018-03-04 16:48:09
1397000,5,"我买了个过年回老家玩，大哥看到让我再买一个给他儿子",2018-02-28 19:00:31
1397000,4,"总的来说，还是很不错的，但是抗风能力太差了，我的已经被风吹丢了<U+0001F31A>",2018-03-03 21:57:48
1397000,1,"非常非常差的一次购物体验，不但没有收到货，沟通渠道还不畅。",2018-03-08 22:12:38
1397000,5,"实物没有样片好 操控还可以 飞得时间再长点就好了",2018-02-26 07:55:05
1397000,5,"很好，就是充完电只能飞几分钟有点麻烦",2018-03-06 17:24:52
1397000,5,"不好控制",2018-03-06 10:41:59
1397000,5,"续电能力比较弱，持续飞撑不到一个小时，声音有点大，但很耐摔，也很轻盈。买不起大疆玩玩这个也是极好的",2018-02-23 15:24:50
1397000,5,"给儿子的生日礼物，没有打开，收着的，等儿子生日那天给他个惊喜！！！",2018-01-22 08:34:57
1397000,5,"不能充电",2018-03-07 12:44:23
1397000,5,"真的很耐摔，不好操作，需要多加练习，很小巧，挺好玩的，建议初次玩的，买大疆之前可以先买这个练练手",2018-01-01 10:41:07
1397000,5,"孩子玩的很开心，质量不错，做工精细，适合个各个年龄段的人玩。",2018-03-06 07:08:37
1397000,4,"比较难操作，孩子玩了一会儿，小飞蛋东撞西撞，还蛮开心的。",2018-01-10 09:04:26
1397000,5,"给儿子买的 不错 挺好玩的 有点小难度 要慢慢掌握 总是撞墙啊",2017-12-11 06:59:44
1397000,5,"小飞机无敌好玩，如果有一样研究降落半天没搞清楚的小伙伴，看说明书的“一键降落”说明，“一键降落”同样适用于手动起飞的时候。",2018-02-27 12:09:54
1397000,5,"东西可以，就是物流太慢，将近十天。",2018-03-05 10:19:15
1397000,5,"可惜没玩两次从十七楼掉下去了。。。没摔坏，可惜也捡不到了",2018-03-04 07:30:55
1397000,5,"这个我是很满意的，控制起来不太容易，要摸索。孩子很开心。每次大概能飞8分钟，就要充电，如果能久一些久更好了",2018-03-03 19:19:51
1397000,4,"非常耐摔 各种虐 还完好无损 就是空中悬停不稳 老是自己跑了",2018-02-26 19:49:09
1397000,4,"蛮好玩的，就是不太经摔",2018-03-02 18:11:28
1397000,5,"还没打开，不知道质量与性能怎么样？等试过后再来评价",2018-02-19 09:24:55
1397000,4,"挺好玩的，但是问题也多，稍微有点风就被吹跑了，而且没有关机的设计好像…",2018-02-27 23:55:35
1397000,5,"质量很不错，禁得起撞击，小朋友玩的很开心，晚上玩灯光更酷炫",2018-02-17 20:37:55
1397000,5,"飞得很高，控制不好，摔了几次，卡扣错位又按回去了。不要用手去接，被叶扇打到还是挺疼的。",2018-03-03 15:16:37
1397000,5,"挺不错的，摔了好几次，很坚固，可玩性挺好的，满意",2018-02-15 14:19:02
1397000,5,"东东很小，和鸡蛋差不多大小，因为儿子还小玩不了，就退了",2018-01-23 09:53:16
1397000,5,"小朋友很喜欢，玩机视频存在重大问题是教怎么飞没教怎么降！",2018-02-27 09:06:52
1397000,5,"呃...掌控不了 孩儿他爹玩的还行",2018-02-27 11:54:54
1397000,5,"还可以，涂上颜料后不可以清洗，这一点有点郁闷。强烈建议改用可擦洗颜料",2018-02-28 22:45:22
1397000,5,"一次性的产品，玩了就丢着，小朋友玩下就不玩了",2018-03-03 08:58:40
1397000,5,"越来越爱严选。客观来讲，性价比很高，服务很好<U+0001F44D>小飞蛋小朋友很喜欢，虽然电量不多，带充电宝即可完美弥补。",2018-01-24 07:05:28
1397000,5,"这个小飞蛋颜值高，飞的不是很好，小飞蛋要五分钟冲一回店",2018-02-27 09:55:57
1397000,5,"哦了啦咯来咯我在屋了来咯哦墨鱼兔兔老K",2017-12-24 12:55:15
1397000,3,"好难玩，真的",2018-02-27 12:01:53
1397000,5,"惊奇的设计。小飞蛋飞的还挺快，功能还挺多。孩子喜欢。赞一个。",2017-11-26 08:37:47
1397000,5,"亲子马甲 过几年娃再长大也可以穿我这件",2018-02-27 18:58:43
1397000,5,"货己收到，宝宝很喜欢，拿着玩去了。很漂亮哦",2018-03-09 13:09:05
1397000,5,"性价比没得说了。。不过刚想玩点花样就没电了。心疼自己一秒",2017-10-22 10:26:47
1397000,1,"不得不说，礼物很棒，很精致也很好玩。只可惜，或许是塑料质量太差，我今早收到货，第一次玩熟悉操作，冲完电第二次玩就摔断了。",2018-02-23 23:06:22
1397000,5,"非常好玩，这是第二次购买，两个娃非要一人一个",2018-03-10 15:37:50
1397000,5,"还没来得及试试呢，应该还是很不错的吧<U+0001F604>",2018-03-01 16:18:20
1397000,5,"长得跟精致，没玩熟练，需要在空旷的地方玩，很结实，不易摔坏",2017-11-15 22:19:56
1397000,5,"很有趣的小小飞行器，还在努力学习中，希望别飞丢了！",2018-02-15 00:47:17
1397000,4,"还不错。熟悉了以后操控性还比较好，就是比较费电，飞不了很久。手柄的电池也比较费。",2018-02-19 18:40:34
1397000,5,"孩子喜欢，电池太不禁用，充电几小时，只玩六分钟，不推荐这个。",2018-02-21 09:25:31
1397000,5,"好玩，续航有点儿点，能再改进下就好了",2018-03-12 23:24:41
1397000,5,"旅行加拿大孩子送给久未谋面的哥哥了，很喜欢<U+0001F495>",2018-02-11 09:42:42
1397000,5,"有点不好控制",2018-02-20 22:50:38
1397000,5,"这个终于能飞了 还是很惊喜的 小小的 小翅膀还挺有劲",2018-01-24 23:05:07
1397000,5,"给小朋友的礼物，非常喜欢，大人也可以一起玩",2018-03-09 21:51:04
1397000,5,"买给小侄子的礼物，他蛮喜欢的",2018-03-13 05:12:26
1397000,4,"飞行时声音太大，充电40分钟只能玩6分钟。不过孩子图新鲜不愿退换。就这样吧",2018-02-23 17:18:24
1397000,2,"和文案中的图片差距太大，被文案忽悠了，不过120元买的东西能好到哪儿去，也差不多了两星。",2018-02-24 10:30:37
1397000,5,"很好玩，也比较耐摔，操控起来慢慢就熟悉了",2018-03-02 10:50:07
1397000,5,"没操作成功，摔了无数次，还完好无损",2018-03-13 08:16:27
1397000,5,"玩着还可以 就是飞机为什么不会返回....",2018-03-10 14:32:16
1397000,5,"还没舍得拆开包装，给孩子的礼物，过几天给她惊喜后评价",2018-01-22 17:42:00
1397000,5,"给小外甥女买的，飞的经常掉，还不上手",2018-03-01 11:05:26
1397000,4,"就是没有叶片配，必须室外玩",2018-03-12 23:10:59
1397000,5,"满意，好玩的玩具",2018-03-12 22:00:20
1397000,5,"满意，满意，满意……",2018-03-12 18:54:10
1397000,5,"小朋友非常喜欢!",2018-03-12 15:47:44
1397000,5,"很好",2018-03-12 11:26:23
1397000,5,"收到货宝贝一下就画好图案了！玩得不亦乐乎",2018-03-06 19:59:17
1397000,5,"很有意思，但是不太会操控",2018-03-11 23:14:00
1397000,5,"不错",2018-03-11 11:18:15
1397000,5,"还不错哦，功能挺多，目前还没全部学会呢，",2018-03-05 09:10:24
1397000,5,"很可爱，可以自己涂色，孩子很喜欢！",2018-03-10 13:59:49
1397000,5,"给小朋友玩挺好，就是太灵敏，有点难操控。",2018-02-27 12:37:03
1397000,5,"性能不错，侄儿很喜欢",2018-03-10 09:38:19
1397000,5,"不错",2018-03-10 10:15:32
1397000,5,"小飞蛋很可爱，就是刚开始玩时可能掌控不好。客服也非常热心，买的第一个刚买来飞行时翅膀直接摔断了，跟客服联系，态度非常好，说可以退换，换的新的也收到了，服务非常棒。以前也经常在别的aqq上买东西，但是感觉售后服务态度都没有严选的好。现在基本上只要买东西，都先来严选上看一看～",2018-03-11 12:04:56
1397000,5,"小孩很喜欢，只是在家里玩，给折腾坏了",2018-03-07 11:29:10
1397000,5,"质量好，也好玩，就是声音大点",2018-03-09 21:21:32
1397000,5,"质量很好，也好玩，就是声音大",2018-03-09 21:20:50
1397000,5,"挺好玩的，很抗摔质量真好",2018-03-08 13:47:30
1397000,5,"这个不好，太容易坏了",2018-02-18 23:10:39
1397000,5,"挺好的。",2018-03-09 18:30:49
1397000,5,"很好玩，",2018-03-09 21:55:22
1397000,5,"不错，物有所值，就是飞的时候有点偏，不知道是不是自己撞坏了",2018-03-10 15:38:42
1397000,5,"蛋蛋造型不错 控制有点复杂 电力是短板",2018-03-06 15:51:52
1397000,5,"送弟弟了，我自己又买了一个哈哈，收到再拍照吧",2018-02-17 12:54:09
1397000,5,"有点难操控，要学习适应一段时间，买给孩子的圣诞礼物，很开心",2017-12-27 11:30:48
1397000,5,"坏了一个，客服立马给换了",2018-03-01 23:41:58
1397000,4,"可爱，好玩，耐摔，便携，适合作为无人机的练手。说下缺点：
1. 续航太短，基本飞几分钟就悬停不住了，会慢慢下降
2. 悬停精准度低，我买的这台，起飞后如果不按遥控，就会自己往左后方向移动
3. 空中反转好像很耗电，翻了两三次就翻不了了，不知道是不是我操作问题
总的来说可玩性还是不错的，也不贵，可以入手～",2018-02-21 12:13:16
1397000,5,"好玩，不错的玩具",2018-03-08 17:20:24
1397000,5,"非常棒",2018-03-08 21:02:04
1397000,1,"这个东西根本不能飞",2018-03-08 11:30:38
1397000,5,"看说明 看说明 看说明 重要的事说三遍 
 和其它飞行玩具一样 重点是小巧 可以DIY
比其他智能一点点 其它没有什么",2017-10-26 06:58:32
1397000,3,"不稳定，一下能飞一下又不动",2018-03-01 19:12:42
1397000,5,"挺好玩，但不够结实，玩了几次底座就开裂了",2018-02-16 18:31:18
1397000,5,"还行，当做小孩的玩具没有问题。刚开始操作有点难度，习惯了就好！",2017-12-26 21:23:08
1397000,5,"停皮实的..摔了几次都没事，操控性不太好，有点鸡肋，玩一会就不想玩了",2018-03-05 23:43:35
1397000,5,"本来打算自己玩的, 过年送给<U+0001F43B>孩子了<U+0001F610>",2018-02-24 10:37:34
1397000,5,"不错适合小朋友初学",2018-03-07 13:09:06
1397000,5,"很好",2018-03-07 14:30:59
1397000,5,"很好玩",2018-03-07 14:07:03
1397000,5,"还可以",2018-03-07 13:45:23
1397000,5,"很精致的小玩意，可以和小朋友一起玩",2018-03-05 16:37:15
1397000,5,"太好了，和孩子一起玩，开心",2018-03-06 13:02:29
1397000,5,"送人的",2018-03-06 21:49:59
1397000,5,"耐摔",2018-03-06 22:57:08
1397000,5,"朋友给小孩子买的，玩一段时间再看看",2018-03-03 16:44:31
1397000,4,"还不错 不过没学会怎么玩呢",2018-03-05 23:29:52
1397000,5,"不错的小玩意，希望孩子会喜欢。",2018-03-05 17:01:24
1397000,5,"有了它老公就开心的像个孩子……质量非常好，与卖家描述的完全一致，非常满意,真的很喜欢，完全超出期望值， 发货速度 非常快，包装非常仔细、严实， 物流公司服务 态度很好，运送速度很快，很满意的 一次购物",2018-03-05 12:51:42
1397000,5,"有点意思，质量还不错",2018-03-05 23:02:38
1397000,5,"非常好玩易上手",2018-03-05 18:54:52
1397000,5,"满意。网易严选杠杠的。",2018-03-05 09:11:56
1397000,5,"非常喜欢！超好玩！",2018-03-05 22:58:39
1397000,5,"不怕摔",2018-03-05 21:42:10
1397000,5,"很喜欢",2018-03-05 18:00:08
1397000,3,"很快就坏了",2018-03-05 21:45:55
1397000,5,"送给弟弟的生日礼物，弟弟很喜欢超爱",2018-03-03 20:04:58
1397000,4,"除了续航不长，其他都不错。图片就上不了，因为飞机飞到别人家的楼顶去了。<U+0001F613>",2018-03-05 16:31:31
1397000,5,"送给老公的生日礼物，他很喜欢",2018-03-04 01:51:24
1397000,5,"好很好非常好无限好",2018-03-04 20:37:28
1397000,5,"操控有点难，要多练习",2018-03-04 20:12:21
1397000,5,"太慢操控了，需要多加练习",2018-03-04 16:32:01
1397000,5,"送人的，希望好",2018-03-04 22:56:43
1397000,5,"复购了",2018-03-04 14:19:15
1397000,5,"好玩呢",2018-03-04 14:58:00
1397000,5,"满意",2018-03-04 10:17:11
1397000,5,"不好玩。老是撞墙。",2018-03-02 22:26:48
1397000,5,"嗯，很好。就是每次充完电只能玩一会儿就又要充电了！",2018-03-04 09:28:35
1397000,5,"还没试飞，看起来很不错的样子！",2018-03-03 13:35:20
1397000,5,"是诶诶诶诶科维克金的",2018-03-04 15:26:02
1397000,3,"电池时间太短，不尽兴，孩子不满意",2018-03-04 11:31:05
1397000,5,"家里的孩子很喜欢<U+0001F60D>好评",2018-03-03 19:54:33
1397000,5,"挺好的，就是小了点",2018-03-03 09:16:52
1397000,5,"就是个小玩具，还可以",2018-03-03 20:31:24
1397000,5,"侄女喜欢，挺好的",2018-03-03 17:34:06
1397000,5,"很好，很满意！",2018-03-03 15:13:31
1397000,5,"操作简洁，耐久性好，买无人机前的练手佳品。",2018-02-25 21:51:44
1397000,5,"有点小惊喜，没想到有点技术含量",2018-03-02 03:02:52
1397000,5,"很好，穿着很舒服，喜欢",2018-03-02 23:11:58
1397000,5,"嘻嘻嘻嘻嘻嘻",2018-03-02 19:51:24
1397000,5,"不错哦",2018-03-02 17:46:52
1397000,5,"好",2018-03-02 15:22:10
1397000,5,"飞机拿到手，儿子高兴坏了，一切正常，和预想一样",2018-02-19 09:30:42
1397000,4,"不错的小玩意儿，儿子喜欢玩，还有五颜六色的灯光，他按照说明书已经基本掌握了飞行方法",2018-02-21 07:01:45
1397000,5,"买了两个了，作为孩子期末考试的奖品，网易严选，值得推荐哦！",2018-01-29 09:33:35
1397000,5,"限时购买的，还是挺好玩的，一开始没掌握好，像无头苍蝇乱幢，不过挺耐摔的，现在女儿已经掌握的不错了，她还自己画了画，很漂亮！",2018-02-28 09:58:31
1397000,5,"东西还没打开，感觉做工还行。里面有燃料，可以自己DIY",2018-02-10 23:17:23
1397000,5,"非常好玩，但很难控制",2018-03-01 23:48:09
1397000,5,"不错，送给自己的小玩具",2018-03-01 09:06:03
1397000,5,"非常好，第二次购买了",2018-03-01 22:14:14
1397000,5,"还没用",2018-03-01 16:49:24
1397000,4,"可以",2018-03-01 19:38:30
1397000,5,"好",2018-03-01 17:56:47
1397000,5,"质量不错！就是飞的时间有点短",2018-02-28 07:08:25
1397000,5,"很不错，外甥女玩得很开心。",2018-02-28 17:19:04
1397000,5,"挺好玩的",2018-02-28 08:09:11
1397000,5,"挺好",2018-02-28 21:00:27
1397000,5,"很好玩",2018-02-28 18:56:57
1397000,5,"确实不错",2018-02-28 10:38:54
1397000,5,"很好掌控，飞行表演",2018-02-27 16:23:38
1397000,1,"差评，上完颜料干了以后翅膀都打不开了，那个颜料也没有任何提示需要打开翅膀晾干，既然放在了包装里就应该有相应的提示，差评差评差评",2018-02-28 10:56:42
1397000,5,"买来送小朋友的",2018-02-27 18:57:54
1397000,5,"不会玩。。。。。好气",2018-02-28 13:06:56
1397000,4,"皮扣是脏的",2018-02-27 21:25:40
1397000,5,"操控有点难",2018-02-27 08:37:02
1397000,5,"还没有用",2018-02-27 15:45:54
1397000,5,"侄儿很喜欢",2018-02-27 10:33:27
1397000,5,"好好好好好",2018-02-27 06:24:18
1397000,5,"看起来不大！",2018-02-27 23:31:22
1397000,5,"坏了",2018-02-27 17:25:51
1397000,5,"一会试试",2018-02-27 10:18:20
1397000,5,"好玩",2018-02-27 22:43:22
1397000,5,"送人的生日礼物 他对手柄非常感兴趣",2018-02-24 23:33:09
1397000,5,"看着挺可爱 到现在还没玩",2018-02-26 12:58:20
1397000,5,"不错，打算送同学，颜值高，还能DIY，超赞！",2018-02-25 22:20:44
1397000,5,"送人的，朋友的宝宝很喜欢",2018-02-26 17:47:18
1397000,5,"很好，女儿很喜欢。",2018-02-26 20:45:43
1397000,5,"很好玩灰常不错",2018-02-26 13:33:46
1397000,5,"物流很快，bushihenhaokongzhi",2018-02-26 15:54:38
1397000,5,"点赞<U+0001F44D>",2018-02-26 14:51:34
1397000,5,"送人的",2018-02-26 20:15:42
1397000,5,"孩子喜欢",2018-02-26 20:13:06
1397000,5,"挺好",2018-02-26 17:16:42
1397000,5,"可以",2018-02-26 22:42:57
1397000,5,"好好",2018-02-26 22:24:24
1397000,4,"做工还可以，价格便宜，给孩子玩不错。",2018-02-25 20:49:54
1397000,4,"小巧，精致，还没开始玩，希望品质稳定。",2018-02-24 08:03:47
1397000,5,"还不错哈哈送人的",2018-02-25 09:33:52
1397000,5,"很好玩的玩具",2018-02-25 23:54:55
1397000,5,"不错不错在试用中",2018-02-25 15:36:27
1397000,5,"买了两个了，不错～",2018-02-25 07:37:46
1397000,1,"换货，不好使",2018-02-25 21:15:09
1397000,5,"有很多东西送",2018-02-25 22:17:20
1397000,5,"非常喜欢<U+0001F60D>",2018-02-25 13:44:27
1397000,4,"悬浮稳定性有点弱",2018-02-25 08:58:30
1397000,5,"好好好好好好",2018-02-25 10:13:32
1397000,5,"飞起来",2018-02-25 16:59:25
1397000,5,"Good",2018-02-25 23:45:59
1397000,5,"满意",2018-02-25 15:51:35
1397000,5,"好狡猾的小家伙   还没玩透 老是自己跑 还跑的飞快哈哈哈",2017-12-17 02:09:24
1397000,5,"上面涂上颜色后飞的不平",2018-02-24 20:08:47
1397000,5,"买第二次了…第一颗小飞蛋飞到围墙外让人捡了，小朋友哭的饭都不吃了，赶紧下的单，腊月二十七下的单，二十九就到了，京东物流也是棒棒的",2018-02-23 16:14:44
1397000,5,"精巧，美观，就是年龄要求太大",2018-02-24 23:46:12
1397000,5,"很好玩，质量很不错",2018-02-24 20:51:39
1397000,5,"还挺好玩的",2018-02-24 15:22:12
1397000,5,"满意  孩子很喜欢",2018-02-24 21:31:22
1397000,5,"侄子很喜欢",2018-02-24 09:08:08
1397000,5,"好",2018-02-24 15:40:18
1397000,5,"很好玩",2018-02-24 09:59:19
1397000,5,"送给小朋友的礼物，还没拆开，相信严选应该不错",2018-02-13 22:35:23
1397000,5,"还好 就是飞的时间比较少。",2018-02-24 16:11:08
1397000,1,"按照说明书操作飞蛋对不上频，无法起飞，联系了多次客服都没有给解决，就是给发说明手册，",2018-02-22 10:12:57
1397000,5,"很赞，还在摸索中",2018-02-23 18:22:09
1397000,5,"买了几个送朋友",2018-02-23 17:01:57
1397000,5,"给小孩子玩的",2018-02-23 09:56:58
1397000,3,"玩具，",2018-02-23 11:42:29
1397000,5,"小朋友很喜欢",2018-02-23 09:50:43
1397000,5,"好",2018-02-23 11:02:17
1397000,5,"还好",2018-01-10 04:25:04
1397000,5,"东西小巧，操作不太熟练呵呵，",2018-02-18 09:18:56
1397000,3,"没有什么用推掉了。",2018-02-23 22:09:13
1397000,5,"还不错就是可操控性不太强，可能是我比较笨",2018-01-05 08:57:32
1397000,5,"不得不说，东西乐趣很大，上手不是很容易，但是必须吐槽的就是打开后脏兮兮的，我用魔术擦清理的。。",2018-02-21 23:10:11
1397000,5,"上午到了孩子就玩起来了，真心不错！",2018-02-21 15:03:01
1397000,5,"很有意思的小东西，很禁摔",2018-02-22 19:04:04
1397000,5,"网易出品，品质如一！",2018-02-22 15:42:50
1397000,5,"挺好，孩子很喜欢！",2018-02-22 18:36:20
1397000,5,"很好玩，女儿很喜欢",2018-02-22 13:40:36
1397000,5,"很好玩，宝宝很喜欢",2018-02-22 09:48:13
1397000,5,"挺好用的",2018-02-22 11:38:55
1397000,5,"很有意思的",2018-02-22 17:16:36
1397000,5,"很喜欢",2018-02-22 22:20:17
1397000,5,"很喜欢",2018-02-22 22:20:06
1397000,5,"送给孩子做新年礼物，飞行悬浮很平稳，就是时间不长，充一次电大概玩10分钟，这么小巧的玩具，这个电量很不错了。孩子很喜欢，其他小朋友也被吸引了",2018-02-17 09:59:47
1397000,5,"耐摔操控好，可玩度还不错，孩子入门首选。就是不知道配件怎么买，浆断了两个了",2018-02-21 23:01:45
1397000,5,"送朋友的玩具，飞起来很牛逼",2018-02-21 19:15:35
1397000,5,"一入严选深似海啊！剁手吧",2018-02-21 10:33:17
1397000,3,"质量一般！",2018-02-22 11:06:21
1397000,5,"第二次买，很有意思，小朋友喜欢",2018-02-21 21:25:36
1397000,5,"超棒(σ′▽‵)′▽‵)σ",2018-02-21 10:23:21
1397000,5,"有趣，感觉可以玩一天",2018-02-21 01:06:40
1397000,5,"一个玩具，送小朋友玩",2018-02-21 22:10:59
1397000,5,"一如我料想那样可爱：一只鸭蛋大小，洁白的颜色；送给小侄子的生日礼物，顺便也给女儿一个。在遥控下，闪着幻彩灯光忽上忽下，忽前忽后地飞翔，让人不禁想起哈利波特里的魁地奇比赛",2018-02-21 20:08:17
1397000,5,"不错<U+0001F60A>",2018-02-21 13:25:07
1397000,5,"不错<U+0001F60A>",2018-02-21 13:23:57
1397000,5,"很好玩",2018-02-21 16:30:03
1397000,5,"小孩子喜欢",2018-02-21 10:45:23
1397000,5,"小朋友过年玩的超级开心",2018-02-20 20:29:10
1397000,5,"不错",2018-02-20 23:02:12
1397000,5,"不错",2018-02-20 21:44:09
1397000,5,"好",2018-02-20 20:56:15
1397000,5,"超级好玩，回购了好几天送小朋友，哈哈，我也喜欢",2018-02-09 13:07:08
1397000,5,"挺不错，学会操作要花点功夫的。",2018-02-19 22:57:52
1397000,5,"挺好玩，就是电量太小。",2018-02-19 18:58:52
1397000,5,"很好玩，就是续航时间短了",2018-02-19 10:05:54
1397000,5,"很好玩不错的玩具",2018-02-19 15:42:14
1397000,5,"控制起来难度大",2018-02-19 10:58:51
1397000,5,"不錯不錯<U+0001F44D>～～～～～～～～～～～～",2018-02-18 15:48:34
1397000,5,"声音有点大，不过很好玩",2018-02-14 11:18:32
1397000,5,"质量不错的！！！！！！",2018-02-18 21:19:43
1397000,5,"好玩儿，耐摔",2018-02-18 13:45:42
1397000,5,"很好用",2018-02-18 11:15:15
1397000,5,"这个还可以",2018-02-18 09:44:28
1397000,5,"还行",2018-02-18 10:42:14
1397000,1,"质量很差，玩不了几次就摔坏了，不成熟的东西还是别拿出来卖了，浪费钱，开关无法操作，电池摔错位，基本报废",2018-02-17 11:54:24
1397000,5,"哈哈哈送给朋友三天后被他飞没了，不过还是挺有意思的",2018-01-01 15:08:10
1397000,5,"很不错，就是不好操作，要多加练习！小孩子比较喜欢！",2018-02-07 16:38:57
1397000,5,"很赞的礼物",2018-02-17 19:19:12
1397000,5,"迷你无人机",2018-02-17 10:32:27
1397000,5,"包不错",2018-02-17 10:31:21
1397000,5,"好玩",2018-02-17 08:57:20
1397000,4,"质量就那样吧，平衡悬停做不了，皮看起来很单薄。",2018-01-29 12:56:36
1397000,5,"包装精美，送亲戚孩子了，很受小家伙喜欢！",2018-02-15 11:09:11
1397000,5,"非常好，就是有点不好控制",2018-02-14 23:36:58
1397000,5,"很棒很厉害！质量很好！",2018-02-16 18:51:59
1397000,5,"春节送给孙子的礼物",2018-02-16 03:48:20
1397000,5,"质量不错，值得信赖",2018-02-16 21:29:07
1397000,5,"送朋友的，朋友说要多加练习才会飞的好",2018-01-28 21:50:05
1397000,4,"还不熟悉怎么玩。",2018-02-15 15:06:29
1397000,3,"挺好玩，但是太容易坏，这个价格，还行吧",2018-02-10 23:09:37
1397000,5,"已经在玩了，建议厂家改进的是玩耍时间要加长",2018-02-14 18:16:09
1397000,5,"还不会飞 慢慢研究 送给小男孩的",2018-02-14 16:33:05
1397000,5,"好玩有意思就是不怎么结实感觉<U+0001F601>",2018-02-14 01:44:02
1397000,5,"不错，买了两个，侄子们喜欢！",2018-02-15 16:21:53
1397000,5,"还不太会玩，还不错",2018-02-15 01:10:31
1397000,5,"信任严选，东西确实不错",2018-02-15 21:17:53
1397000,5,"非常好玩 就是续航不足",2018-02-15 15:42:44
1397000,5,"非常划算，快递也快",2018-02-15 08:28:11
1397000,5,"孩子很喜欢！",2018-02-15 13:19:20
1397000,5,"哈哈哈哈哈哈哈哈哈",2018-02-15 07:36:34
1397000,5,"非常棒",2018-02-15 06:59:14
1397000,5,"过年给小朋友们准备的礼物，性价比高",2018-02-12 16:55:18
1397000,5,"哈哈这小玩意还蛮好玩的 摔了几下没坏 超预期了",2017-12-08 16:00:50
1397000,5,"还不是很熟练，第一次直接上的油漆画的不好，重新水洗了下，涂鸦之前一定要画线稿，再次提醒玩家。",2018-02-14 14:32:27
1397000,5,"孩子挺喜欢，正在研究中",2018-02-14 21:25:37
1397000,5,"真是耐摔啊",2018-02-14 11:27:30
1397000,5,"给儿子的礼物",2018-02-14 16:23:20
1397000,5,"挺好",2018-02-14 08:52:39
1397000,5,"可以",2018-02-14 16:17:14
1397000,5,"好",2018-02-14 16:16:34
1397000,1,"起飞后回不来了，下降不了，一件返回也没用，着急死了，飞走了！好担心掉下来会不会砸到人，安全问题存在隐患啊！大过年的，希望一切平安，越想越害怕。",2018-02-12 16:15:38
1397000,5,"很有意思的小玩意，只是儿子还太小",2018-02-11 18:01:15
1397000,5,"送给小朋友的礼物<U+0001F381>，小朋友喜欢",2018-02-13 13:44:54
1397000,2,"不好用。充电好久只能飞一会儿",2018-02-13 19:54:01
1397000,5,"需要随时充电，其余都好，比较有趣",2018-02-13 17:53:44
1397000,5,"孩子很喜欢，还比较经摔。",2018-02-13 16:08:14
1397000,1,"准备过年给小朋友惊喜，包装里居然没有充电线。差评",2018-02-13 13:02:14
1397000,5,"送给家人的礼物，很开心",2018-02-13 17:28:41
1397000,5,"很好玩的飞行器",2018-02-13 18:53:40
1397000,5,"送人的",2018-02-13 21:41:01
1397000,5,"小孩很喜欢",2018-02-13 11:31:36
1397000,5,"123456789",2018-02-13 15:25:17
1397000,5,"好评！",2018-02-13 10:45:43
1397000,5,"高端大气上档次的产品和服务质量的服务质量好",2018-02-02 13:17:31
1397000,5,"还算满意，能借此产品接触一下飞行器",2018-02-11 11:24:12
1397000,5,"学习成本还是有的",2018-02-12 16:02:27
1397000,5,"还在摸索中....",2018-02-12 23:13:12
1397000,5,"女儿超级喜欢",2018-02-12 22:44:00
1397000,5,"还不错",2018-02-12 14:28:27
1397000,5,"很小巧",2018-02-12 11:31:09
1397000,5,"嗯",2018-02-12 15:25:53
1397000,5,"好",2018-02-12 13:16:16
1397000,5,"控制有点难度，要多练习，耐摔",2018-02-11 20:20:23
1397000,5,"每次都是硬着陆，飞的不稳，完了两周快被摔坏了……",2018-02-12 11:20:59
1397000,5,"挺好玩的一个小玩意",2018-02-11 11:21:48
1397000,5,"室友很喜欢，很活动大脑呀！",2018-02-11 07:21:51
1397000,5,"俩孩子都很喜欢！",2018-02-11 23:01:11
1397000,5,"包装看起来很好",2018-02-11 21:44:13
1397000,5,"儿子很喜欢",2018-02-11 22:57:38
1397000,5,"非常滿意",2018-02-11 22:10:50
1397000,5,"挺好的",2018-02-11 18:14:42
1397000,5,"孩子很喜欢",2018-02-11 09:39:52
1397000,5,"质量不错",2018-02-11 09:22:58
1397000,5,"很不错",2018-02-11 07:42:18
1397000,5,"fch",2018-02-11 20:03:08
1397000,5,"好",2018-02-11 09:53:10
1397000,5,"小东西还挺精致的嘛",2018-02-10 07:24:04
1397000,5,"没飞起来过 质量不行",2018-02-11 13:05:23
1397000,5,"很小巧，操纵感很强。",2018-02-10 22:42:38
1397000,5,"很好玩的小飞机",2018-02-10 12:08:03
1397000,5,".......................................",2018-02-10 19:21:28
1397000,5,"感觉是个不错的玩具",2018-02-09 22:06:50
1397000,5,"还未试",2018-02-09 13:39:02
1397000,5,"还没拆",2018-02-09 13:02:28
1397000,5,"还可以！",2018-02-09 15:05:11
1397000,5,"很嗨",2018-02-09 11:44:40
1397000,5,"操作有些难度，不过适应了挺好玩的",2018-02-10 09:40:54
1397000,5,"合适",2018-02-09 22:36:24
1397000,5,"nice",2018-02-09 10:11:00
1397000,5,"飞机小巧，适合小孩子玩儿",2018-02-08 19:25:47
1397000,5,"相当的结实耐摔",2018-02-08 12:51:46
1397000,4,"质量没有想像中的好。摔打性强，孩子小不能玩。只能大人陪着玩！",2018-02-09 06:36:13
1397000,5,"非常满意",2018-02-08 20:20:30
1397000,5,"挺好玩的，飞得挺高，不太好控制",2018-02-09 01:40:53
1397000,5,"不错",2018-02-08 23:55:46
1397000,5,"好",2018-02-08 18:14:02
1397000,5,"好玩",2018-02-08 04:36:35
1397000,4,"飞蛋实物有点粗糙 送朋友的孩子 希望玩的愉快",2018-01-28 02:30:34
1397000,5,"东西不错，刚开始不太好操控。",2018-02-07 21:05:16
1397000,5,"很可爱，送朋友儿子，小朋友很喜欢",2018-02-07 13:05:13
1397000,3,"这个质量不好，已经申请退货了",2018-02-08 20:26:37
1397000,5,"没飞起来过。",2018-02-07 11:55:22
1397000,5,"很不错！！！",2018-02-07 01:57:56
1397000,5,"女儿喜欢的不得了，可惜充电器丢了…",2018-02-06 12:17:43
1397000,3,"用了大概10笔，就摔坏了。",2018-02-08 16:33:16
1397000,5,"好玩的飞行蛋蛋可以飞的很高很高",2018-02-01 22:37:58
1397000,5,"我试了一下还不太会用，希望表弟喜欢",2018-02-01 17:20:40
1397000,2,"非常容易坏，作为礼物，感觉不好。反馈质量问题想退货，设置种种障碍，购物体验不好。",2018-02-08 17:21:16
1397000,5,"挺好玩的，没摔坏呢",2018-02-06 18:08:25
1397000,5,"摔了十几下还是没事……有点飘，觉得微调会是个很麻烦的过程。",2018-02-08 21:50:05
1397000,5,"好精致，好小，好好玩",2018-02-06 22:56:46
1397000,5,"香香脆脆味道好",2018-02-06 16:06:54
1397000,5,"蛮好看的",2018-02-06 16:27:00
1397000,5,"不错不错",2018-02-06 17:46:55
1397000,5,"可爱的小飞蛋，宝贝和爸比一起玩的很开心",2018-01-18 09:48:24
1397000,5,"小朋友非常满意，想画啥就画啥，还能飞",2018-01-31 17:52:22
1397000,5,"第一玩，感觉很好玩。耐摔",2018-02-05 11:13:47
1397000,5,"有点难搞懂 小朋友很喜欢",2018-02-05 01:49:32
1397000,5,"好玩",2018-02-05 02:11:17
1397000,2,"东西一般，充电时间长玩的时间少，漂移严重，对于没有经验的玩家慎买",2018-02-04 15:08:46
1397000,5,"不好操控",2018-02-04 22:32:12
1397000,5,"制造有点糙，都是小心翼翼的捧着",2018-02-06 09:34:06
1397000,4,"嗯……文科生不太懂这些东西，是买给男朋友玩的。和大疆这些牌子的无人机比起来……这个只能算会飞蛋蛋……质感也很差……就是劣质塑料的感觉……但是很便宜……给个4星吧……",2018-02-04 17:31:32
1397000,5,"这是第二次买，送给儿子的小兄弟",2018-02-04 14:07:30
1397000,4,"打开包装看上去有点旧，其它都还好。儿子挺喜欢",2018-01-30 13:10:48
1397000,5,"确实很轻，作为玩具，是很不错的选择",2018-02-03 19:32:52
1397000,1,"怀疑是个二手的，胶带是开的，涂料盖上都是裂痕手印",2018-02-03 17:02:46
1397000,5,"送小朋友的礼物，非常喜欢",2018-02-04 13:50:18
1397000,2,"质量有点差，掉下来几次就坏了",2018-02-04 22:35:11
1397000,5,"孩子很喜欢",2018-02-04 21:57:22
1397000,5,"小朋友非常喜欢",2018-02-04 11:12:20
1397000,5,"包装像开过的，不过里面好好，算了",2018-02-04 19:01:31
1397000,5,"还不错",2018-02-04 19:50:00
1397000,5,"很好玩",2018-02-04 19:17:57
1397000,5,"挺有意思",2018-02-04 18:18:33
1397000,5,"很好",2018-02-04 12:31:51
1397000,5,"可以的",2018-02-04 11:12:50
1397000,5,"好玩",2018-02-04 17:57:03
1397000,5,"挺可爱的，就是还是容易损坏",2018-02-06 12:47:08
1397000,5,"不太好用，每次开机要半天对频，感觉不太对劲，再试试不行了就提出异议申请换",2018-02-06 10:12:24
1397000,5,"送小朋友的，不知道会不会喜。",2018-02-03 23:00:38
1397000,5,"不错，要到室外试试",2018-02-03 22:52:24
1397000,5,"好玩，自己玩了一下。",2018-02-03 22:29:17
1397000,5,"优质小玩意儿",2018-02-03 17:31:31
1397000,5,"要研究一下",2018-02-03 22:29:15
1397000,5,"比较好玩",2018-02-03 18:37:31
1397000,5,"超赞",2018-02-03 16:36:48
1397000,5,"小朋友喜欢",2018-02-03 06:35:35
1397000,5,"看上去蛮高档的，就不知道有没有效果。",2018-01-31 17:16:10
1397000,5,"给小朋友的礼物，还没有拆开，等用了以后再来追加评论",2017-12-18 17:03:09
1397000,5,"需要比较大的空间才能飞得很高",2018-01-30 20:25:36
1397000,5,"非常棒，最少的价钱体验无人机。熟练之后操作很稳",2018-01-22 18:54:13
1397000,4,"操控起来还是有些难度的，不太适合室内飞",2018-02-04 12:17:47
1397000,5,"还没用，寒假玩具",2018-02-01 20:06:15
1397000,5,"玩具很好玩",2018-02-01 07:34:45
1397000,5,"严选的售后服务很赞<U+0001F44D>上次那个小飞蛋支座坏了，和售后联系直接发回去换新的回来了！希望这个质量没有问题！",2018-02-03 10:57:40
1397000,4,"耐摔，飞的就不是很稳了",2018-02-04 09:38:25
1397000,5,"很好玩，在家里就可以玩了。充电一次可以玩5,6分钟",2018-01-13 12:46:23
1397000,5,"充电45分钟
只能玩6分钟...
买之前没仔细看介绍，还不能无理由退货，大家看好再买",2018-02-04 08:13:17
1397000,4,"打开时候有少量灰尘，试飞的时候按了无头模式掉鱼缸里了，断电吹干后还能起飞，配件确实有点廉价感，蛋壳位置也容易撞坏导致无法回拢，所以尽量不要撞，试飞找空旷的地方。",2018-02-02 22:33:30
1397000,5,"很有趣的小东西，以后再买",2018-01-31 18:24:54
1397000,5,"看起来不错，就是感觉太轻了呢",2018-01-31 14:52:40
1397000,5,"送给小侄儿的，不知道他会玩不。",2018-01-30 23:02:55
1397000,5,"试飞成功，买来给小朋友玩的，不错不错，",2018-01-30 09:53:13
1397000,5,"反应有问题，已经退了",2018-02-01 22:56:01
1397000,1,"东西挺好，就是服务忒差！一个发票还得轮月等，也真是没谁了！",2018-02-02 10:07:02
1397000,5,"还没开始玩呢",2018-01-31 14:49:01
1397000,5,"非常满意",2018-01-31 21:10:59
1397000,5,"不错",2018-01-31 19:51:30
1397000,5,"满意",2018-01-31 15:19:02
1397000,5,"不错",2018-01-31 11:00:12
1397000,5,"也是给朋友送的结婚礼物之一，这个小无人机，对方的老公非常喜欢",2017-11-25 19:37:05
1397000,5,"还好 陀螺仪有点问题 无法空中保持位置 得微控",2018-02-02 23:32:53
1397000,5,"孩子兴奋不已，很棒的礼物",2018-01-30 07:56:49
1397000,5,"科技与趣味的完美融合",2018-01-30 20:58:40
1397000,5,"不错，性价比很高",2018-01-30 12:57:50
1397000,4,"可玩性不错，就是时间短一些，容易摔坏，刚开始技术一般，摔坏了，电池也飞出来了",2018-02-01 23:13:40
1397000,5,"充电一小时 娱乐五分钟 果然可以限制玩耍 不过还是很有意思 操控不好 再买一个 比技术 希望提高续航能力",2018-01-31 18:43:05
1397000,5,"需要比较大的空间",2018-01-30 20:27:06
1397000,4,"不喜填字！",2018-01-30 22:59:53
1397000,5,"不错，宝贝很喜欢",2018-01-30 22:20:42
1397000,5,"没弄明白。。。哈哈",2018-01-30 14:40:18
1397000,5,"抗摔，不错",2018-01-30 18:35:34
1397000,5,"飞蛋不能悬停，发动起来就挺不下来，难以控制啊",2018-01-31 09:55:06
1397000,5,"质量不错",2018-01-30 21:48:21
1397000,5,"很可爱",2018-01-30 21:29:51
1397000,5,"好玩有趣",2018-01-30 19:21:43
1397000,5,"质量不错",2018-01-30 00:28:39
1397000,4,"还行，就是材质差了点，飞行时间太短了啊",2018-01-31 13:02:21
1397000,5,"喜欢！",2018-01-30 21:07:18
1397000,5,"好",2018-01-30 14:38:56
1397000,5,"不错，但是需要在空地上玩，家里的话容易撞墙，比较难控制",2018-01-30 22:33:32
1397000,5,"还行。就是有点儿像垃圾堆里捡的。脏兮兮的。。",2017-12-31 10:39:14
1397000,5,"售后服务，杠杠滴，佩服！现在我什么都严选了！",2018-01-27 16:10:43
1397000,5,"还没用，等孩子旅游回来就拆开！",2018-01-29 13:42:43
1397000,5,"小巧灵活，操作简单，容易上手，送给孩子的好礼物",2018-01-24 14:00:45
1397000,5,"减压小神器，刚拿到还没研究好，不错很喜欢",2018-01-11 13:00:36
1397000,5,"非常好的礼物，孩子们很happy",2018-01-29 13:53:13
1397000,5,"挺漂亮的，商家还附送了颜料",2018-01-28 11:42:46
1397000,5,"女儿很喜欢",2018-01-29 18:49:10
1397000,5,"孩子很喜欢",2018-01-29 13:21:30
1397000,5,"不错",2018-01-29 22:25:51
1397000,5,"售后服务，杠杠滴，从现在开始全部都是严选！",2018-01-27 16:11:48
1397000,5,"豆豆豆豆豆豆豆豆豆豆",2018-01-28 19:01:15
1397000,5,"服务很好，多换了一个小飞蛋给我，咋办，快递上门取回吧？",2018-01-30 20:27:50
1397000,3,"飞了三次就粉身碎骨了",2018-01-30 11:42:59
1397000,5,"很好玩",2018-01-28 18:59:42
1397000,5,"很好玩",2018-01-28 15:43:00
1397000,5,"很好玩",2018-01-28 13:04:43
1397000,5,"好",2018-01-28 09:57:59
1397000,5,"好",2018-01-28 07:05:27
1397000,5,"操控还是有点难，看起来品质还不错，性价比高",2018-01-09 22:59:00
1397000,5,"东西不错下次还会购买",2018-01-27 15:15:41
1397000,5,"小孩子很喜欢",2018-01-27 17:25:25
1397000,5,"还没有打开",2018-01-27 15:14:52
1397000,5,"不磁石，容易坏",2018-01-29 08:00:54
1397000,5,"还不错的 买给弟弟的",2018-01-26 21:52:44
1397000,5,"男票喜欢玩 就是飞的时间太短了",2018-01-28 20:56:04
1397000,5,"还不错还不错还不错。",2018-01-26 06:51:06
1397000,5,"送小侄子的新年礼物",2018-01-26 00:10:50
1397000,5,"买给弟弟的礼物",2018-01-26 21:15:32
1397000,4,"做工一般，不是很精细。",2018-01-30 09:11:36
1397000,5,"还可以",2018-01-26 23:14:52
1397000,5,"很好玩。。",2018-01-26 19:16:50
1397000,5,"小蛋质感略差，其余很好",2018-01-29 15:44:57
1397000,5,"好好好，很好玩，还比较有点难度呢控制起来",2018-01-20 14:31:08
1397000,5,"有点麻烦，操作太复杂，大人都要研究很久",2018-01-29 19:24:03
1397000,5,"外壳有点粗",2018-01-29 08:51:12
1397000,5,"有一个扇叶合不进去，有问题，很奇怪，",2018-01-27 20:19:01
1397000,5,"好评好评好评",2018-01-25 19:07:04
1397000,5,"挺好的",2018-01-25 13:50:44
1397000,5,"小飞蛋挺好玩的，就是质量太脆弱了吧，螺旋桨和底部支架都断了！水质测试笔挺好用的，还支持温度显示！",2018-01-28 10:28:13
1397000,5,"好",2018-01-25 21:35:07
1397000,5,"好",2018-01-25 21:02:31
1397000,5,"好",2018-01-25 10:57:03
1397000,5,"给孩子买的，还没打开看",2018-01-24 15:21:07
1397000,5,"儿子很喜欢，就是充电后只能玩几分钟就没电了比较麻烦",2018-01-28 21:33:52
1397000,5,"不错的小玩具，可惜说明书出了纰漏",2018-01-28 21:25:42
1397000,5,"送人了，据说还不错，就是不能静止。",2018-01-23 01:12:01
1397000,5,"有点难控制，动力比较强劲",2018-01-27 14:31:05
1397000,5,"有点难操作",2018-01-26 23:34:19
1397000,5,"超级精致，外甥很喜欢",2018-01-24 21:25:17
1397000,5,"质量不错的好玩",2018-01-24 12:32:21
1397000,5,"挺好玩的",2018-01-24 00:21:42
1397000,5,"好好好好好",2018-01-24 16:48:53
1397000,5,"很好玩",2018-01-24 10:12:10
1397000,4,"还可以，毕竟价格在那呢，主要缺点还是电池容量太低。强烈建议不要用一键返航，真不知道会飞哪去！",2018-01-25 19:29:58
1397000,5,"喜欢",2018-01-24 22:30:05
1397000,5,"喜欢",2018-01-24 07:58:57
1397000,5,"收到了  还没有打开玩   先给个好评吧",2018-01-21 13:35:59
1397000,4,"送朋友的，朋友说比较难控制。",2018-01-23 15:55:23
1397000,5,"还没玩过，希望品质值得信赖。",2018-01-23 06:50:24
1397000,5,"年会作为活跃气氛用的，还不错，但不能在底下挂重物哦，钥匙也不行。",2018-01-27 15:28:21
1397000,5,"还没试，送人的。",2018-01-23 23:37:40
1397000,5,"送人的还没打开",2018-01-23 01:06:32
1397000,5,"孩子们很喜欢",2018-01-23 19:39:20
1397000,5,"还行",2018-01-23 22:19:27
1397000,5,"挺好",2018-01-23 19:43:56
1397000,5,"一般",2018-01-23 15:09:41
1397000,5,"东西很小，质感一般，没图片上的好。作为玩具，携带方便",2018-01-05 12:06:19
1397000,5,"不错，挺好玩，也挺经摔",2018-01-22 19:53:00
1397000,5,"不错的小飞蛋",2018-01-22 15:04:00
1397000,5,"还没打开不错",2018-01-22 12:40:58
1397000,5,"孩子特别喜欢",2018-01-22 15:52:31
1397000,5,"哈哈哈哈哈哈哈哈",2018-01-22 11:01:16
1397000,5,"很好",2018-01-22 16:51:18
1397000,5,"好玩",2018-01-22 12:13:22
1397000,5,"可以一键变形，还可以飞起来，不错，还可以……",2018-01-19 01:04:40
1397000,5,"买给家里的孩子的，她很喜欢",2018-01-21 19:49:02
1397000,5,"还没打开，等儿子放假玩儿。",2018-01-21 20:39:22
1397000,5,"不错不错，操作还不易，要学学。原想逗猫猫，后来留给自己玩了。",2017-11-17 13:12:49
1397000,5,"儿子超级喜欢",2018-01-21 14:43:56
1397000,4,"还不错，挺好玩的，但不太好操作，得再练练",2017-12-22 12:10:47
1397000,5,"送给朋友小孩子的生日礼物 ，不错。",2018-01-20 14:33:10
1397000,5,"非常喜欢这个哦",2018-01-20 00:17:19
1397000,5,"蛮好玩",2018-01-20 00:22:37
1397000,5,"很好玩！！",2018-01-20 16:42:45
1397000,1,"这个真的很差 根本飞不起来 申请退货还不通过  让找人工 明明人工就那么难找 为何不在退货申请的时候主动联系我 非常掉粉的货品以及服务",2018-01-22 15:11:34
1397000,5,"好",2018-01-20 17:23:09
1397000,5,"不错",2018-01-20 00:35:32
1397000,5,"悬停不了，还在摸索，太小的小孩不能玩",2018-01-23 08:10:56
1397000,5,"给小朋友买的非常爱玩，涂成自己喜欢的颜色",2018-01-14 21:05:59
1397000,5,"有意思，操作还不熟悉研究一下吧",2018-01-19 02:15:24
1397000,5,"一下子就飞没影了",2018-01-19 09:19:36
1397000,5,"孩子很喜欢",2018-01-19 13:28:31
1397000,5,"可以",2018-01-19 23:36:22
1397000,5,"非常喜欢，孩子爱的不得了，还会翻跟头！！",2018-01-17 22:43:25
1397000,4,"还没用",2018-01-18 21:15:54
1397000,5,"挺不错的",2018-01-18 14:35:51
1397000,5,"很好玩",2018-01-18 22:49:24
1397000,5,"真好！",2018-01-18 15:16:20
1397000,5,"给小孩的礼物，还没打开，相信会喜欢的",2018-01-15 15:25:36
1397000,2,"说实话，手感质感真的挺劣质的，不值这个价。但又不支持无理由退货……让我对严选质量产生怀疑……",2018-01-21 15:16:12
1397000,5,"确实特别的小巧，需要多练习",2018-01-17 06:31:47
1397000,5,"挺好玩的 价格又便宜还比较经摔不错不错",2018-01-07 19:22:29
1397000,1,"外壳都没有对齐，风叶打在外壳上，你们是用脚做玩具的吗？",2018-01-21 22:17:27
1397000,5,"非常好～",2018-01-17 14:04:30
1397000,5,"很好玩",2018-01-17 12:50:19
1397000,5,"好",2018-01-17 11:17:16
1397000,5,"挺有意思的东西，就是不太好掌控",2018-01-15 10:31:18
1397000,5,"东西很好，很喜欢",2018-01-16 10:16:02
1397000,5,"品质一如既往的好！",2018-01-16 19:19:00
1397000,5,"很不错。。。。。。。。。",2018-01-16 10:23:38
1397000,5,"儿子玩得很开心，方向比较难控制，而且充电一小时，玩玩十分钟不到啊",2018-01-22 10:25:53
1397000,5,"挺精致的，比想像的要小",2018-01-15 20:30:03
1397000,5,"非常不错！值得推荐",2018-01-15 00:32:19
1397000,5,"漂亮",2018-01-15 11:54:23
1397000,4,"非常小，和鸡蛋一样大，颜色不够白，感觉材料不太好。试飞了两次，感觉不太好控制方向，防撞还可以。送了一套螺旋桨，比较体贴",2018-01-21 22:19:49
1397000,5,"小惊喜，操控响应很好，小朋友很喜欢",2018-01-13 04:16:30
1397000,5,"适合刚入门的",2018-01-14 09:12:42
1397000,5,"小巧 很不错",2018-01-13 18:04:35
1397000,5,"小朋友很喜欢",2018-01-13 09:43:47
1397000,5,"还行，可玩性不错，就是在室内玩的时候，控制比较难。",2017-12-15 09:05:38
1397000,5,"给孩子买的，非常喜欢，一如既往的好～",2018-01-12 21:01:39
1397000,5,"没用过，送人的，默认好评",2018-01-12 15:28:22
1397000,5,"好",2018-01-12 15:42:46
1397000,5,"挺好玩的，就是飞行时间比较短，再长点就更好了",2017-11-09 07:59:01
1397000,5,"小巧玲珑，还可以DIY涂鸦，很好玩",2018-01-11 22:12:01
1397000,5,"挺好玩的",2018-01-11 16:25:45
1397000,3,"主要是不会玩",2018-01-19 02:40:57
1397000,5,"不错的玩意",2018-01-11 20:17:40
1397000,5,"送喜欢的男生的，他收到很惊喜很喜欢",2018-01-05 20:21:15
1397000,5,"非常好看，在试玩。",2018-01-10 12:08:24
1397000,5,"挺好",2018-01-10 14:31:56
1397000,5,"还可以",2018-01-10 08:20:33
1397000,5,"太小的孩子玩不了，有点意思",2018-01-19 13:40:00
1397000,1,"我感觉这个蛋是我在网易严选买过最差的东西",2018-01-16 10:49:40
1397000,5,"好玩",2018-01-10 12:03:57
1397000,5,"买回来一直没玩，今晚试第一次，摔了很多，居然完好，赞",2018-01-16 22:03:33
1397000,5,"可玩性很高 性价比可以",2018-01-09 00:09:48
1397000,5,"需要调整方向，不是一开始就是自动悬空不动的，花了我好久的时间。
不过确实耐摔，摔了那么久没有坏，质量也是不错了。希望可以用久一点。
画画真的很难，不会画画的同学提前找个帮手，自己画，真的费劲！",2018-01-17 20:21:41
1397000,5,"看样子还不错，还没用，先好评！",2018-01-09 21:35:41
1397000,5,"严选智造遥控飞蛋老可爱了",2018-01-09 10:05:58
1397000,5,"第一次买的自己斜着飞，希望这次不会，下周日拿到操场试试",2017-11-26 19:59:30
1397000,5,"儿子很满意",2018-01-09 07:08:04
1397000,5,"很好",2018-01-09 22:13:35
1397000,5,"很不错，给小朋友买的，，很喜欢0",2018-01-08 23:25:21
1397000,5,"很不错的小玩意，儿子很喜欢!",2018-01-08 08:59:34
1397000,5,"非常好的飞弹，崽崽很喜欢，爱不释手呢",2018-01-07 19:48:41
1397000,4,"怎么说呢，东西一般般",2018-01-14 23:46:16
1397000,5,"到目前为止也没收到货",2018-01-16 21:16:13
1397000,5,"很好玩，也经得起摔",2018-01-08 09:48:25
1397000,5,"质量好，谢谢谢！",2018-01-08 13:03:19
1397000,5,"好难控制，需要找个大点的的地方练练",2018-01-16 14:35:58
1397000,1,"一次没飞起来，东倒西歪的，而且后来一直充不进去电，已经废弃了",2018-01-14 16:25:18
1397000,5,"外甥很喜欢",2018-01-08 13:34:43
1397000,5,"嗯嗯",2018-01-08 20:42:49
1397000,3,"太简陋了",2018-01-13 20:48:02
1397000,5,"不错",2018-01-08 14:04:23
1397000,5,"666666666",2018-01-08 00:53:50
1397000,5,"很有意思，操作起来并不容易，要多加练习，值得购买，",2017-12-29 11:59:20
1397000,5,"刚收到，还不知道咋玩",2018-01-07 17:42:06
1397000,5,"可以可以可以",2018-01-07 13:26:01
1397000,5,"服务态度好",2018-01-07 10:57:11
1397000,1,"买个不会飞的蛋，退货退款超慢。",2018-01-15 09:07:56
1397000,5,"OK啦",2018-01-07 19:38:17
1397000,4,"总体上还可以，就是做工比如图片看着好，稍微有点失望，电量少，除此之外我都比较满意",2018-01-12 07:55:52
1397000,5,"还在摸索阶段，坦白讲，不是很抗摔……",2018-01-10 20:43:20
1397000,5,"好",2018-01-07 22:59:17
1397000,5,"不错",2018-01-07 10:57:31
1397000,5,"小朋友很喜欢，但他太小，还玩不好！",2018-01-05 23:54:43
1397000,5,"好",2018-01-06 16:24:58
1397000,5,"刚玩了一下，还不错",2018-01-05 10:47:48
1397000,5,"玩玩还可以，就是操作难",2018-01-11 22:16:30
1397000,5,"给孩子玩，挺好",2018-01-05 15:36:01
1397000,5,"好可爱的，送给孩子的礼物",2018-01-04 10:01:29
1397000,5,"小朋友很喜欢，天天玩",2018-01-04 12:13:01
1397000,5,"不会玩…不会玩…",2018-01-09 23:09:21
1397000,5,"真是可笑，第一次订网易严选的产品，给孩子们订的小飞蛋，到货后发现没有遥控器，联系客服就是简单的让退换货，真是恶心",2018-01-11 21:17:55
1397000,1,"用了applepay，补差价要扣除优惠，坑爹。",2018-01-11 15:05:48
1397000,2,"和图片差异较大，不够炫",2018-01-10 10:37:28
1397000,5,"非常不错的东西！",2018-01-04 19:53:36
1397000,5,"貌似是坏的",2018-01-04 09:49:18
1397000,5,"实在小的非常可爱，萌萌的",2018-01-03 10:17:41
1397000,5,"小小的很可爱，儿子的圣诞礼物，摔几下也没事",2017-12-29 16:49:16
1397000,5,"还没用啊",2018-01-03 15:18:19
1397000,5,"包装很精致，送人的，挺好",2018-01-02 14:04:01
1397000,3,"一般",2018-01-09 09:37:22
1397000,5,"帮同事买的，送小孩的，据说很喜欢",2018-01-01 09:55:47
1397000,5,"还可以，就是保持稳定比较难",2018-01-02 21:59:05
1397000,5,"有点难",2018-01-02 12:09:13
1397000,5,"一般",2018-01-02 14:52:22
1397000,5,"好玩",2018-01-02 09:42:12
1397000,5,"好",2018-01-02 00:02:51
1397000,5,"晚上正玩的high ，飞到人家阳台上去了，家里人出国了，废了。",2017-10-31 17:02:05
1397000,5,"不错，蛮好玩的，要好好研究一下怎么控制，很耐摔",2017-12-15 14:08:29
1397000,5,"不是特别稳定，容易到处乱晃",2018-01-09 10:26:28
1397000,5,"十五个字十五个字十五个字",2018-01-01 22:56:17
1397000,5,"网易正品保证，快递及时！",2018-01-01 20:09:18
1397000,5,"好玩的小东西",2018-01-01 19:22:28
1397000,4,"还行吧，一般。",2018-01-01 21:02:48
1397000,5,"蛮好的",2018-01-01 19:19:54
1397000,5,"好有创意",2018-01-01 14:46:36
1397000,5,"东西不错",2018-01-01 19:47:38
1397000,5,"看起来不错。",2018-01-01 14:17:04
1397000,5,"物流速度一流，比预想的要快好多！质量没得说！",2017-12-22 14:02:01
1397000,5,"玩不来~( 。<U+1EDB> <U+2083><U+1EDD>)<U+06BE>",2017-12-31 20:13:40
1397000,5,"小朋友迫不及待地出去玩了，还在练习中。喜欢这样的玩具！",2018-01-06 11:34:00
1397000,5,"还没开始使用，非常期待",2017-12-31 20:51:29
1397000,5,"不错哦！",2017-12-31 23:37:15
1397000,5,"好",2017-12-31 09:35:51
1397000,5,"兒子超喜歡<U+0001F493>天天在家里玩",2017-12-30 17:35:29
1397000,4,"东西真的和鸡蛋那么大，试了下，感觉不耐摔，4片有一片已经不能回笼了，操作要慢慢习惯，最好有个电量不足提示！",2018-01-07 13:56:43
1397000,5,"这个小飞蛋还不错，唯一的不足就是比较难操作，而且使用空间要大",2018-01-08 10:12:39
1397000,5,"小朋友很喜欢这个玩具，可以DIY是非常棒的一个设计",2017-12-13 14:36:05
1397000,5,"很小巧，简单的试了下，不太好控制。明天再试试",2017-12-13 00:22:50
1397000,5,"好评，太多不想写，懒。",2017-12-30 17:14:38
1397000,5,"蛮好玩的",2017-12-30 21:54:43
1397000,5,"满意，物有所值",2017-12-30 17:15:12
1397000,5,"严选果然没有让我失望，以后就是网易粉了",2018-01-06 20:38:07
1397000,5,"小飞蛋蛋",2017-12-30 18:41:17
1397000,5,"网易的一大败笔",2018-01-06 12:27:39
1397000,5,"不错",2017-12-30 08:08:24
1397000,5,"挺好玩的，只是不知道怎么玩，一直撞到",2017-12-20 14:33:32
1397000,1,"用不了",2018-01-04 00:05:06
1397000,5,"很好玩，打折的时候再买一个人",2017-12-29 10:44:37
1397000,1,"充不进去电",2018-01-06 00:58:15
1397000,5,"送人的，质量如何不清楚。",2017-12-29 11:17:54
1397000,5,"看着好玩，还没拆",2017-12-29 09:53:09
1397000,5,"造型炫酷。操作略复杂 说明说感觉不够简单明了，外甥喜欢就好。",2018-01-06 23:07:04
1397000,5,"质量好，飞得高",2017-12-29 19:59:13
1397000,3,"充电线质量差的像山寨厂做工，这线头这接口。这么个小玩具说便宜也不算太便宜吧，但是这种品质真的让人失望，也对严选的所谓宣传表示怀疑。",2018-01-05 21:51:29
1397000,5,"东西很好",2017-12-29 09:48:08
1397000,5,"挺不错",2017-12-29 07:08:36
1397000,5,"有鸭蛋大小，比较适合大一点的孩子玩",2017-12-27 09:41:51
1397000,5,"很期待，还没有开封使用。",2017-12-28 13:00:19
1397000,5,"没有图片好看 操作不容易",2018-01-03 11:12:36
1397000,5,"不能退，换没拆",2018-01-05 18:19:06
1397000,5,"非常好玩",2017-12-28 17:21:57
1397000,5,"小朋友喜欢",2017-12-28 09:19:12
1397000,5,"这个东西质感不是太好",2018-01-04 13:50:49
1397000,5,"到现在还没有研究透，不会玩",2018-01-02 19:01:04
1397000,5,"续航能力太低……动不动要重新对频orz",2018-01-02 22:55:46
1397000,5,"好",2017-12-28 00:18:08
1397000,5,"…。",2017-12-28 19:13:51
1397000,5,"很不错～就是说明书有错误～充电红灯，充满灭灯～
只能飞一会儿～当小玩具玩～

画个四辫子小黄人～哈哈哈～",2018-01-01 22:16:01
1397000,5,"比较经摔，不太容易控制，还要练习。",2018-01-02 10:25:01
1397000,5,"东西还行吧。。飞高风大不是很好操作。方向难以保证。不过作为小玩具还可以",2018-01-03 11:08:46
1397000,5,"说明书上让务必先开遥控再开机器，麻蛋故意的吧，艹",2018-01-01 23:29:16
1397000,5,"物品与介绍一致，拿到后马上体验了下，根据操作指导书能够试飞了，不过想要完全驾驭还是得多练习才行。不错的小玩意，值得拥有。（还是挺耐摔的）",2017-12-26 17:48:05
1397000,5,"买来送人的…希望这个礼物会惊喜到",2017-12-25 01:45:13
1397000,5,"非常好玩的玩具，小孩子很喜欢",2017-12-27 16:41:15
1397000,5,"好玩，就是需要不停充电",2017-12-27 07:08:53
1397000,5,"第一次没有电池，没有螺丝刀。这一次都有，第一次买到的电池，暂时用不上了。收到货的时候小飞机支撑飞行了20秒，体验了一下。",2017-12-29 15:17:36
1397000,5,"自己玩都觉得好难，摔了几次",2017-12-29 21:08:05
1397000,5,"不知道怎么样，周末试飞",2017-12-27 22:19:51
1397000,5,"非常可爱的小飞蛋！",2017-12-27 19:41:41
1397000,5,"操作性不错，赞",2017-12-27 17:49:17
1397000,1,"因此物品质量问题 我选择了退货 货取走了 第二天就交易成功了！？钱货两空！",2017-12-30 10:56:57
1397000,5,"这个很好用，本来是给小朋友的，结果自己玩的很开心。",2017-11-14 09:43:07
1397000,5,"好玩，不容易操控呢，需要点技术<U+0001F604>飞起来有灯光好看",2017-11-14 08:37:24
1397000,5,"不错，很容易操作，飞行还算稳定，就是容易偏",2017-12-29 21:57:31
1397000,5,"小孩拿到就迫不及待涂上颜色要完了",2017-12-24 07:47:48
1397000,5,"非常满意，售后服务非常棒！",2017-12-26 08:46:52
1397000,5,"真的好小，按鸡蛋来说也是个小鸡蛋了。蛮有意思的，就是个玩具，摔坏也不心疼。哈哈",2017-10-18 13:04:52
1397000,5,"不错，孩子上手有点难度",2017-12-26 21:45:32
1397000,5,"棒棒滴～服务周到～",2017-12-26 09:52:27
1397000,5,"造型不错有创意，制作简单但还是比较精致。不过操控不易好像没有说明书上介绍的气压定高，松开左边操纵杆的油门就往下掉，无法悬停，再尝试一键起飞也没有自动飞离到一米五左右悬停的功能。不知是个别原因还是都如此。",2017-12-31 12:02:37
1397000,5,"亲子画画，然后横冲直撞。欢乐啊",2017-12-30 01:01:22
1397000,5,"好难控制",2017-12-26 21:31:04
1397000,5,"很好",2017-12-26 22:55:14
1397000,5,"很有趣，不错",2017-12-25 20:10:57
1397000,5,"严粉 这个强烈不建议买 不是严选一贯的坚守品质 难怪不卖了 遗憾成了小白鼠 轻轻一碰解体了 low",2017-12-28 17:36:32
1397000,5,"好玩",2017-12-25 19:12:39
1397000,5,"物流很快，包装很好， 操作简单。 
家里小孩儿觉得白色不好看， 给涂成了红色， 又觉得红色不好看。于是放水里洗了洗。 飞行蛋 享年一天 卒",2017-12-18 12:21:29
1397000,5,"送朋友的生日礼物，很好玩，挺喜欢的，优惠的时买的很划算",2017-10-24 18:24:35
1397000,4,"已经摔了好几次了，左上角的按键不知做啥用。塑料做工比较粗糙的，有些毛边，碎屑，",2017-12-31 21:08:46
1397000,5,"这是第一次发来的货，不能玩。第二次可以",2017-12-29 15:23:40
1397000,5,"还比较有趣，考验画画的时候到了",2017-12-24 22:16:14
1397000,5,"挺好玩的，就是操作有点难",2017-12-24 18:06:41
1397000,5,"真的不怕摔，操控不算太难，底部支架在玩了几天后有点白印。上面的壳开了一次。",2017-12-29 09:26:44
1397000,5,"不错的小飞蛋，孩子很喜欢",2017-12-24 15:42:53
1397000,5,"不错，就是不好控制，在研究研究",2017-12-28 17:22:52
1397000,5,"还在试不知道怎么配对",2017-12-24 21:44:00
1397000,5,"要适应一下才能掌握技巧",2017-12-27 11:17:46
1397000,5,"挺好玩的，就是控制不好老摔。。。。。",2017-12-28 20:12:02
1397000,5,"操作说明书说实话有点复杂",2017-12-28 11:46:01
1397000,5,"飞起来了，有意思。",2017-12-24 16:19:15
1397000,5,"还可以，挺抗摔！",2017-12-24 15:10:51
1397000,5,"好精致，100个赞",2017-12-24 11:07:33
1397000,1,"开封就很难对频，冲过一次电以后再也对不上频了，现在就是个连风扇都当不了的废物。

充电时候不亮灯充满了亮灯的设置更是不知道是什么鬼，现在根本不知道是充电线有问题了还是机体压根就是坏的，一肚子气。退换货申请还被拒绝。什么鬼玩意",2017-12-28 10:11:27
1397000,5,"终于学会了，就是电池不耐用",2017-12-28 09:17:06
1397000,5,"非常有趣，很喜欢",2017-12-24 22:13:08
1397000,5,"孩子很喜欢",2017-12-24 09:27:21
1397000,5,"还不错",2017-12-24 20:34:12
1397000,5,"非常好。需要多联系，才能控制",2017-12-23 22:41:59
1397000,5,"说实话还是很需要操作的",2017-12-23 13:38:33
1397000,5,"不错，10岁小伙子很喜欢。",2017-12-23 14:19:03
1397000,5,"对频没对上",2017-12-23 10:05:41
1397000,5,"无人机失控飞走了，但客服说不能单买小飞蛋，太可惜了！",2017-12-26 19:17:38
1397000,5,"宝贝喜欢",2017-12-23 11:45:45
1397000,5,"好",2017-12-23 09:36:34
1397000,5,"还没学会如何控制，一直在摔，起码证明耐摔。",2017-12-18 02:36:16
1397000,5,"送给儿子的圣诞节礼物，还没拆，但朋友买过，评价不错",2017-12-06 17:56:42
1397000,5,"质量非常好，哈哈哈哈哈，只不过被我朋友飞丢了，可惜了",2017-12-06 11:23:27
1397000,5,"包装很小巧，拿出egg之后发现比想象中的还要mini一些。看说明书琢磨怎么一键起飞摸索了很久，起飞以后发现自己是手残星人，前后左右还有些傻傻分不清，撞了n次墙。不过的确如其他评论所说的很耐摔!",2017-12-25 12:55:52
1397000,5,"挺好玩的，就是充电后能玩的时间太短，小孩子不够过瘾。",2017-12-26 10:03:40
1397000,5,"很好，就是飞行时间短了点",2017-12-22 14:12:50
1397000,4,"操控有点难",2017-12-22 21:32:39
1397000,1,"次品骗子",2017-12-25 16:41:15
1397000,5,"好好好",2017-12-22 18:19:36
1397000,5,"不错吧",2017-12-22 16:59:34
1397000,5,"不错的",2017-12-22 03:05:17
1397000,5,"好评，很可爱，就是不太容易控制",2017-12-26 09:52:09
1397000,5,"很好，儿子喜欢，每个周末都会玩，不过控制还有待提高摸索",2017-11-24 09:26:33
1397000,3,"充电线都没有，怎么用？",2017-12-23 13:26:06
1397000,4,"挺有意思，需要花时间去研究怎么玩",2017-12-21 16:13:52
1397000,5,"还没有空跟儿子一起玩呢",2017-12-21 10:05:57
1397000,5,"图片太诱人，现实很骨感",2017-12-25 06:05:13
1397000,5,"还没用，希望好玩！",2017-12-21 23:02:42
1397000,5,"耐摔，挺好玩",2017-12-21 07:08:38
1397000,5,"还可以还可以",2017-12-21 10:25:47
1397000,5,"好玩的很",2017-12-21 09:20:45
1397000,5,"正在学习飞翔",2017-12-21 08:55:49
1397000,5,"不错！！！",2017-12-21 18:16:56
1397000,5,"……",2017-12-21 18:25:39
1397000,1,"充完电，蛋根本无法启动，我晕",2017-12-22 16:37:46
1397000,5,"东西不错，物流超级垃圾！整整10天，给小孩买的生日礼物，催了3次，非常不好的体验",2017-12-23 16:54:14
1397000,5,"很便宜耐摔，但操作需要一定技巧",2017-12-20 08:08:04
1397000,5,"很有爱的小玩具，哈哈哈",2017-12-20 12:51:47
1397000,5,"好玩，女儿的小礼物。",2017-12-20 19:42:20
1397000,1,"开机后可能被打成高速了，然后就一直飞，遥控器根本控制不了了，一键飞回和降落都不好使了，然后就飞没了<U+0001F62D>",2017-12-24 16:09:45
1397000,4,"东西挺好的，就是不太好控制",2017-12-22 21:04:03
1397000,5,"不太会玩",2017-12-20 15:29:30
1397000,5,"<U+0001F44D>",2017-12-20 03:59:28
1397000,1,"叶片都碰到壳体了，设计问题，换了备用的叶片，同样问题，怎么飞？？？",2017-12-24 10:01:50
1397000,1,"垃圾，方向很难控制。都没办法区分哪个是正反方向，操作体验真心复杂。虽然经常在严选买东西，打算买这个来练习一下，以后为买无人飞机做准备。哪知道这么难玩，一百多块钱，懒得退了。",2017-12-23 21:20:03
1397000,5,"好",2017-12-20 22:22:02
1397000,5,"不错",2017-12-20 21:42:52
1397000,5,"好",2017-12-20 19:24:00
1397000,5,"不错",2017-12-20 16:43:13
1397000,5,"满意",2017-12-20 08:16:07
1397000,5,"网易严选的快递盒感觉就很好。东西到手希望儿子也会喜欢",2017-11-07 11:09:28
1397000,1,"质量差，一只脚收不起来。飞行稳定很差。",2017-12-22 19:42:51
1397000,4,"东西质量还好，就是操作困难，儿童基本无法个人玩.",2017-12-23 07:32:48
1397000,5,"非常好玩，上午收到飞了五分钟，中午充电，下午还没飞一分钟，直接从七楼窗户飞走了，找到现在也没找到！准备再买一个！我擦，这窗口也能飞出去，真让我控制也控制不出来呀！",2017-12-22 15:15:06
1397000,5,"很好的小玩意",2017-12-19 07:05:38
1397000,5,"发货速度，东西不错，小巧。",2017-12-19 05:18:07
1397000,5,"还不错",2017-12-19 23:50:18
1397000,5,"好",2017-12-19 16:02:57
1397000,5,"好东西还是不错的",2017-12-18 01:13:36
1397000,5,"很禁得摔",2017-12-18 14:41:57
1397000,5,"希望小朋友喜欢",2017-12-18 01:24:45
1397000,3,"物流客服素质有待提高，追踪货物一问三不知",2017-12-22 10:21:16
1397000,5,"很好玩",2017-12-18 22:45:19
1397000,5,"挺好",2017-12-18 14:14:22
1397000,5,"不错",2017-12-18 09:20:06
1397000,5,"好玩",2017-12-18 00:48:56
1397000,5,"非常满意，很好玩，质量也特别好，买给小孩子的特别好玩",2017-12-01 14:02:27
1397000,5,"不好操控....",2017-12-21 09:57:17
1397000,4,"真的好难操作",2017-12-17 07:44:05
1397000,1,"连电池都不带",2017-12-21 19:39:48
1397000,5,"好",2017-12-17 00:49:23
1397000,5,"很好很好很好",2017-12-16 22:57:38
1397000,5,"小孩很喜欢，涂色能发挥孩子的想象力",2017-12-15 08:52:23
1397000,5,"很好，便宜好用，还可以画画",2017-12-15 13:33:03
1397000,5,"送给儿子的圣诞礼物，还没打开。",2017-12-15 09:11:35
1397000,5,"小朋友很喜欢，但掌控有难度",2017-12-15 01:16:46
1397000,5,"好小巧啊，送小朋友的，希望他能喜欢",2017-12-14 22:20:16
1397000,5,"给小朋友玩的，不太好操作 好在便宜",2017-12-14 13:06:31
1397000,5,"看着就很好玩",2017-12-15 09:31:21
1397000,5,"虽然这个价位不应该要求太高，但是还是建议再提升些结构强度吧",2017-12-19 08:21:11
1397000,5,"挺好的挺好的挺好的",2017-12-14 22:01:36
1397000,5,"挺好玩的哈，就是宝宝还有点害怕，慢慢来",2017-12-05 09:16:32
1397000,5,"网易严选挺好的",2017-12-14 09:05:06
1397000,5,"很有趣的玩具",2017-12-14 11:09:46
1397000,5,"操作有些灵敏，要有耐心，是个很好的小玩具。",2017-12-04 15:29:05
1397000,5,"退了一个蛮好玩的 就是小朋友玩有点危险 我是大人 打到好痛",2017-12-18 19:13:11
1397000,5,"蛋蛋很好玩，儿子非常喜欢，时不时拿出来玩。",2017-12-12 08:37:07
1397000,5,"还没有试玩，小巧。",2017-12-13 09:17:38
1397000,5,"玩了两次，显示灯常亮不灭了，和客服沟通，网上指导了一通没能解决，客服告知可以换新的，有点意外，原则上不能退换的商品竟然可以换，不错！最后小飞蛋自愈了，没有换。",2017-12-20 09:05:24
1397000,5,"非常不错，精致小巧",2017-12-13 23:26:20
1397000,5,"开箱后再评论。",2017-12-13 19:23:47
1397000,1,"辣鸡",2017-12-18 15:57:41
1397000,5,"挺好的，第一次买无人机买这种价位的性价比还可以，充电四十五分钟只能飞六分钟有点不尽兴呐",2017-12-18 14:53:08
1397000,5,"小朋友很喜欢",2017-12-13 20:34:01
1397000,5,"不错",2017-12-13 12:47:20
1397000,5,"满意",2017-12-13 08:04:31
1397000,5,"玩了半个小时没玩明白。。。。太小的娃玩不了",2017-12-17 19:01:41
1397000,5,"相对于这个价格，品质算是不错了。挺好玩的一个小玩具",2017-11-01 16:06:19
1397000,1,"买回来就不能用…太差了！！
就亮灯，不能飞！",2017-12-17 12:11:12
1397000,5,"方便实用，物美价廉，整洁好用",2017-12-12 01:07:21
1397000,5,"很好玩，不易坏。非常不错",2017-12-12 01:03:48
1397000,5,"很不错味道很好",2017-12-12 20:17:34
1397000,5,"说实话，蛮难飞的，多加练习了要",2017-12-18 08:31:28
1397000,5,"好好好好好",2017-12-12 23:15:21
1397000,5,"儿子很喜欢",2017-12-12 12:45:24
1397000,5,"这个小无人机比预想的要功能强大得多，但是在家里的可操控性就和大疆无人机差异太大了<U+0001F601>，不过好像100多块的玩具飞机和无人机相比太过分了，这个价格和这个功能比其实性价比极高，送娃玩是很不错的。",2017-12-17 15:00:01
1397000,5,"挺不错",2017-12-12 12:44:29
1397000,5,"非常有趣",2017-12-12 11:19:18
1397000,5,"改成",2017-12-12 10:07:03
1397000,5,"孩子喜欢",2017-12-12 09:11:44
1397000,5,"不错不错不错不错不错不错不错不错不错不错不错",2017-12-09 11:44:13
1397000,5,"哈哈哈，迷你小巧挺好玩的～",2017-12-11 20:10:59
1397000,5,"买的新年礼物，还没玩",2017-12-11 06:52:38
1397000,5,"这个小玩具真的很不错",2017-12-11 20:53:34
1397000,4,"看上去略简陋，用用看",2017-12-11 16:44:53
1397000,5,"很好玩",2017-12-11 23:20:14
1397000,5,"非常满意",2017-12-11 17:06:54
1397000,5,"操控有点复杂",2017-12-15 08:58:12
1397000,4,"抱枕不错，应该多买几个~拖鞋也很赞，布丁风格，应该很讨女孩子喜欢~小飞蛋就差强人意了，需要反复视对频，方向键不靠谱，完玩了2小时遥控器就坏了，已申请换货~",2017-12-16 08:51:02
1397000,2,"没有发充电线？联系客服十多天了都不补发？？？？",2017-12-15 11:07:16
1397000,5,"棒",2017-12-11 23:51:50
1397000,5,"不错",2017-12-11 12:14:59
1397000,5,"试飞了一下，有点惊喜！要是能提供一些画画的图案就更好了",2017-10-30 19:29:24
1397000,5,"开发智力的小飞蛋，不错哦！",2017-12-10 12:03:14
1397000,5,"小朋友玩还是不错的",2017-12-10 13:25:31
1397000,5,"不容易操控，但是很好玩",2017-12-13 15:41:14
1397000,5,"圣诞礼物 希望朋友喜欢",2017-12-10 08:45:23
1397000,5,"我儿子很喜欢！",2017-12-10 21:55:51
1397000,1,"是最近购买的严选产品中，比较失望的一款。真心不好用。",2017-12-11 16:37:18
1397000,5,"好玩的",2017-12-10 10:40:44
1397000,5,"孩子是喜欢的，也不是很好控制，有时候会连接不上！",2017-12-14 20:27:38
1397000,1,"包装里面居然没有充电线 ，还得把东西寄回去换",2017-12-12 13:06:18
1397000,5,"好",2017-12-10 21:50:28
1397000,5,"好玩",2017-12-10 19:08:12
1397000,5,"毫无",2017-12-10 16:41:06
1397000,5,"哈哈，好玩，挺有意思的，还不贵。",2017-12-09 20:33:16
1397000,5,"还没玩，送人的！",2017-12-09 20:41:03
1397000,5,"虽然飞蛋性能有限  但是这个这个价格本来就只能买个玩具而已    不过网易的售后服务没得说   满分",2017-12-12 20:02:16
1397000,5,"还不错，飞行挺好",2017-12-09 21:24:30
1397000,5,"挺好，给小孩玩",2017-12-09 13:53:06
1397000,2,"质量不怎么样，玩两次就坏了。",2017-12-11 19:37:10
1397000,4,"不太好掌握遥控器，基本束之高阁了",2017-12-13 13:50:58
1397000,5,"没别的   网易服务比产品好  弥补了产品不足",2017-12-12 20:25:05
1397000,5,"起飞怎么那么困难，飞起来了，又下去。",2017-12-12 15:50:46
1397000,5,"不错，好玩儿",2017-12-09 23:33:49
1397000,5,"挺好",2017-12-09 10:26:19
1397000,5,"非常轻便，操作简单，生动有趣，nice",2017-12-08 15:23:05
1397000,3,"材质看着有些廉价",2017-12-10 12:24:40
1397000,5,"挺好，买了送孩子",2017-12-08 23:02:28
1397000,5,"售后服务水平好，产品耐摔，但还需要改进。",2017-12-11 23:54:42
1397000,5,"还可以哦",2017-12-08 09:06:14
1397000,5,"玩了一会儿 没那么好操控... 到是挺耐摔的",2017-12-12 14:51:12
1397000,5,"儿子玩的很开心，就是没有美术功底，画的花花绿绿的",2017-11-28 16:33:03
1397000,5,"性價比高",2017-12-07 22:24:23
1397000,5,"送人的，包装看起来比较高档，有科技产品feel",2017-12-04 22:30:49
1397000,5,"具体如何还没看，应该还不错。",2017-12-06 11:00:18
1397000,5,"给小孩子买的飞的挺稳的",2017-12-05 05:35:51
1397000,5,"不错的小东西",2017-12-06 23:25:26
1397000,5,"很好玩儿，有意思",2017-12-06 16:01:32
1397000,3,"不是很理想，脑残的设计，电池在飞蛋的后面所以只要起飞就往后飘。紧急情况下关闭电源不方便，转向不灵活。送人了，一般般。",2017-12-12 11:16:15
1397000,5,"挺好玩",2017-12-05 16:35:32
1397000,5,"就是操作太难了 也没有航拍功能",2017-12-12 21:30:53
1397000,5,"挺好玩的",2017-12-04 10:30:11
1397000,5,"小朋友非常喜欢",2017-12-04 08:38:04
1397000,5,"快递非常给力！！！快速送到",2017-12-03 11:39:09
1397000,5,"蛮好的 就是下错单买了俩 不知道能不能退( ′▽｀)",2017-12-11 20:19:14
1397000,5,"孩子很喜欢 非常好玩",2017-12-03 13:40:10
1397000,4,"有点简陋了",2017-12-12 20:51:27
1397000,5,"挺好玩的，第一笔上手操作起来好像还挺复杂的",2017-11-23 16:48:40
1397000,5,"不太好控制",2017-12-12 23:05:52
1397000,5,"小飞蛋太棒啦",2017-12-02 15:09:16
1397000,3,"只能有效飞行两分钟，让人失望，永远在充电",2017-12-09 13:42:10
1397000,5,"好玩",2017-12-02 16:09:02
1397000,5,"OK",2017-12-02 11:22:52
1397000,5,"不懂操控:，坚持撞墙的蛋蛋",2017-12-01 22:24:41
1397000,5,"很好",2017-12-01 20:51:36
1397000,5,"好",2017-12-01 11:06:30
1397000,5,"开关装配错了，做工不对",2017-12-08 09:02:06
1397000,4,"涂色这个体验倒是蛮好玩的",2017-11-30 10:19:51
1397000,3,"做工有点差 但是创意还不错",2017-12-09 00:27:07
1397000,5,"还没玩，待试玩。",2017-11-30 14:50:34
1397000,5,"挺好的一个小东西",2017-11-30 10:28:58
1397000,5,"很不错，符合预期",2017-11-30 16:16:49
1397000,5,"很小巧，可以和小朋友一起涂鸦",2017-11-29 23:32:16
1397000,4,"好小一个，真的只有一个鸡蛋大小，不知能否有足够的力气吊起儿子的玩具",2017-12-08 23:18:38
1397000,5,"好难控制。需要耐心磨合",2017-11-29 21:19:31
1397000,4,"质量有点小问题，已退",2017-12-05 10:29:04
1397000,5,"不错<U+0001F604>",2017-11-29 21:01:46
1397000,5,"挺有意思",2017-11-29 12:15:21
1397000,5,"这个感觉做工一般。不干净",2017-12-05 08:39:07
1397000,5,"好评",2017-11-29 15:59:37
1397000,5,"好帅，送人有面子",2017-11-28 09:31:08
1397000,5,"好",2017-11-28 15:05:04
1397000,5,"质量很好，但是玩起来不尽兴",2017-12-04 10:44:43
1397000,5,"太好玩了<U+0001F60A>哈哈哈",2017-11-27 10:24:48
1397000,5,"很好玩！",2017-11-27 10:41:31
1397000,5,"ok",2017-11-27 13:56:20
1397000,5,"买了两个，一个给儿子一个送人，不大好上手",2017-11-10 17:50:44
1397000,2,"实在是难以操控，玩不来玩不来……",2017-12-01 22:47:28
1397000,5,"很好玩！就是飞行时间短点",2017-11-25 16:33:44
1397000,5,"不错，很好操作",2017-11-25 20:41:23
1397000,5,"飞到10米就不收控制了，就掉到水里再也飞不出来了",2017-12-04 10:35:47
1397000,5,"好",2017-11-25 18:54:23
1397000,5,"不错",2017-11-25 17:09:03
1397000,5,"蛮好玩的样子！刚买回来小朋友很喜欢<U+0001F495>",2017-11-16 11:05:46
1397000,5,"买了很久，还没用。慢慢调试",2017-11-24 16:30:58
1397000,4,"不好操作，说明书也不好看<U+0001F614>要是有教学视频就可以了",2017-12-01 23:49:32
1397000,5,"挺好的，非常好，就是飞的远了就不受控制了",2017-12-04 10:37:52
1397000,5,"非常喜欢的小礼物，大爱",2017-11-24 22:54:00
1397000,5,"飞蛋非常不错，孩子喜欢。",2017-11-24 13:29:45
1397000,5,"网易严选一如既往地给力",2017-11-24 02:32:20
1397000,5,"不错的性价比",2017-11-24 20:52:36
1397000,5,"很Q，挺结实的，挺好玩的",2017-11-23 22:07:25
1397000,5,"挺得意的，就是说明书太简单了，摸索半天哟。",2017-11-29 16:46:33
1397000,5,"非常喜欢网易严选的产品，值得信赖",2017-11-23 10:24:15
1397000,5,"很有趣的小玩意，孩子爱不释手",2017-11-23 12:45:09
1397000,5,"质量很好，小孩子玩很开心",2017-11-23 07:11:35
1397000,5,"还没用，应该比较有趣",2017-11-23 14:13:36
1397000,5,"孩子非常喜欢",2017-11-23 14:57:51
1397000,5,"好",2017-11-23 10:29:00
1397000,5,"失败失败失败的购物，，给丁磊送礼了了乐乐！！！",2017-11-27 14:29:07
1397000,5,"孩子很喜欢，但感觉没有图片上那么精致",2017-11-20 12:27:41
1397000,5,"东西不错就是玩的技术还得练练",2017-11-20 10:36:20
1397000,4,"说明书的描述有错误，质量还可以，摔了n次了",2017-11-27 11:10:52
1397000,5,"还阔以，就是不太会玩",2017-11-22 10:01:10
1397000,5,"打折时候买的，很满意",2017-11-22 17:21:05
1397000,5,"不错呦",2017-11-22 00:03:48
1397000,5,"不错",2017-11-22 19:26:27
1397000,5,"好",2017-11-22 18:47:20
1397000,5,"只有六分钟这个特点还蛮坑的",2017-11-26 15:57:29
1397000,1,"操作太麻烦，飞不起来！",2017-11-26 17:19:44
1397000,5,"已经没有了，飞树上下不来了，太轻了",2017-11-29 04:52:42
1397000,3,"四个翅膀中的一个卡不严，有时会自己 弹出来。希望严选严把质量关。",2017-11-28 07:33:45
1397000,5,"还没开始玩，挺有意思的",2017-11-21 20:27:39
1397000,5,"挺好玩的，女儿很喜欢",2017-11-21 18:55:29
1397000,5,"耐摔，挺好玩的",2017-11-21 08:14:27
1397000,4,"还行吧 一般",2017-11-21 02:51:22
1397000,5,"不错",2017-11-21 10:51:36
1397000,4,"说实话，不是多好飞，一次就腻了",2017-11-27 10:49:54
1397000,1,"有一个翅膀无法收回，懒得退了",2017-11-25 09:55:34
1397000,5,"飞起来很好玩，孩子喜欢的",2017-11-20 19:41:06
1397000,5,"儿子很喜欢，已经画好了",2017-11-20 14:56:09
1397000,5,"小飞蛋操控灵活，好玩！",2017-11-20 11:16:59
1397000,5,"不错，儿子很喜欢",2017-11-20 00:20:27
1397000,5,"试了一下，总是撞墙，建议在室外空旷的地方玩",2017-11-26 21:24:07
1397000,5,"棒棒哒",2017-11-20 20:34:28
1397000,5,"操作还是挺容易上手的",2017-11-23 23:20:18
1397000,5,"很好",2017-11-20 21:08:11
1397000,5,"有意思，不错。",2017-11-20 17:37:32
1397000,5,"很好",2017-11-20 13:32:19
1397000,5,"很好",2017-11-20 13:32:01
1397000,5,"非常好！",2017-11-20 12:29:11
1397000,5,"好好",2017-11-20 20:48:10
1397000,5,"好",2017-11-20 14:01:18
1397000,5,"很喜欢杯子，太漂亮了！",2017-11-19 08:47:52
1397000,5,"小朋友很喜欢",2017-11-19 12:42:20
1397000,3,"外观不是很精致，可能是以备涂装颜用。",2017-11-23 09:08:33
1397000,3,"充电45分钟玩6分钟",2017-11-23 20:46:38
1397000,1,"非常糟糕的产品，本来就是义乌小商品城里的一件地摊货，加盒水彩笔就成了高科技玩物？包装是网易有一手。这个东西完全不具备可玩性，飞上去就很难悬停，落地基本靠摔，最多三五分钟就没电。",2017-11-24 10:44:07
1397000,5,"这个好",2017-11-19 22:26:16
1397000,5,"继续飞行",2017-11-19 18:32:14
1397000,5,"电量",2017-11-19 20:49:50
1397000,5,"好",2017-11-19 13:27:12
1397000,5,"不错",2017-11-19 10:27:10
1397000,5,"操控真是难呐",2017-11-18 22:11:47
1397000,5,"非常有意思 宝宝很喜欢",2017-11-18 07:03:25
1397000,5,"还行",2017-11-18 16:19:13
1397000,5,"很贴心有画刷和水彩～随意发挥想象力",2017-11-17 15:08:12
1397000,5,"7天吃醋人也谢谢如此突然从",2017-11-17 22:41:56
1397000,5,"东西收到改为使用！相信三石兄",2017-11-17 10:21:19
1397000,5,"还蛮好玩的。不错",2017-11-17 10:34:18
1397000,5,"飞行还算不错",2017-11-17 00:46:38
1397000,5,"挺好玩的",2017-11-17 22:47:40
1397000,5,"很好玩，有乐趣",2017-11-17 20:18:10
1397000,5,"非常好",2017-11-17 00:41:49
1397000,5,"不错",2017-11-17 18:14:22
1397000,5,"一直都是很好的购物体验",2017-11-16 14:22:41
1397000,5,"一直没找着机会好好玩玩",2017-11-16 12:54:34
1397000,5,"小零件很多，还不错",2017-11-16 19:14:14
1397000,5,"很小巧，棒，小朋友很喜欢。",2017-11-16 13:45:17
1397000,5,"我需要熟悉一阵子操作",2017-11-16 18:39:44
1397000,5,"还在研究中……",2017-11-16 12:35:29
1397000,5,"很好玩",2017-11-16 18:48:11
1397000,5,"好",2017-11-16 10:17:52
1397000,5,"还可以吧，能飞蛮高的，但是不是太好控制，玩了几次摔烂了，断了一个翅膀，扔啦，用来玩玩还是可以的",2017-11-19 20:57:38
1397000,5,"颜料涂出来感觉效果不好，可能是我手笨。小飞蛋很经撞，多练就能平稳操作了，只是续航时间很短，需要不停充电",2017-11-21 00:00:17
1397000,5,"傻死了的小飞蛋哈哈哈哈哈",2017-11-15 10:20:09
1397000,5,"原谅我玩了那么久还是不能按照说明书一样精确控制，亏得挺耐摔的，孩子也喜欢。不错的小玩意儿",2017-11-19 22:37:10
1397000,5,"有点不容易操控，但很好玩，女儿很喜欢",2017-11-13 08:37:11
1397000,5,"非常好玩的一款飞蛋",2017-11-15 12:48:54
1397000,5,"好玩的停不下来",2017-11-15 12:49:06
1397000,5,"房间小不适合玩",2017-11-15 22:53:47
1397000,1,"知道怎么飞，却不知道怎么降落，只有一个紧急降落控钮，那个是瞬间停车旋转摔下来呀。摔了几次方向就不准了，觉得还是不好用",2017-11-20 08:22:41
1397000,1,"换货两次都是有问题的！客服处理态度差到爆！再也不想买！处理一个运费拖了那么久！投诉无门！",2017-11-19 16:26:10
1397000,4,"操作比较困难",2017-11-20 06:53:58
1397000,1,"质量太差，别说6分钟的飞行时间，连一分钟都没有飞满，电池也有问题，充不进去电，现在就是一个小废蛋，对不起严选的招牌！",2017-11-19 16:28:14
1397000,5,"挺不错的",2017-11-15 20:01:53
1397000,5,"一般",2017-11-15 20:53:56
1397000,5,"简直垃圾！严选的服务态度差到爆！一个运费退回处理到现在，没人重视！什么态度！换货两次都是有问题的！",2017-11-19 16:25:21
1397000,4,"买给小朋友的，主要看中耐摔",2017-11-14 17:10:23
1397000,5,"一如既往的好品质",2017-11-14 22:58:04
1397000,5,"太好啦",2017-11-14 12:38:51
1397000,5,"挺好的",2017-11-14 10:14:55
1397000,5,"很好",2017-11-14 20:26:40
1397000,5,"不错",2017-11-14 13:21:22
1397000,5,"就是个头有点小，孩子很喜欢。
一点不足，遥控器较小，大孩子用着就显小了，并且没有随送遥控器电池。",2017-11-17 23:12:17
1397000,5,"小孩非常喜欢，晚上拿到家就涂鸦了",2017-11-13 22:02:05
1397000,5,"认真阅读说明书后，试飞成功！<U+0001F44D><U+0001F44D>",2017-11-13 08:57:02
1397000,4,"还可以，作为一个玩具来看",2017-11-13 14:47:25
1397000,5,"需要充电",2017-11-18 23:24:29
1397000,5,"送给同事的，对方很喜欢！",2017-11-13 17:40:56
1397000,5,"送给同事的，对方很喜欢！",2017-11-13 17:40:40
1397000,4,"还可以，当小玩具玩玩",2017-11-13 14:46:57
1397000,5,"可以可以",2017-11-13 22:38:09
1397000,5,"太好玩了，大人小孩都爱",2017-11-12 21:28:03
1397000,5,"小东西不错，很好的玩具",2017-11-12 08:05:11
1397000,5,"酷酷的，感觉很好",2017-11-12 00:02:20
1397000,5,"价格实惠，挺好玩",2017-11-12 20:42:44
1397000,5,"给孩子玩玩",2017-11-12 20:48:53
1397000,3,"毕竟才一百多的东西，也懒得换了，不过东西确实一般",2017-11-16 21:07:37
1397000,5,"一般般",2017-11-12 18:54:02
1397000,2,"外观做工比想象的差太多了，本来觉得就算不好飞摆着也行，但太难看了。飞行根本不敢指望。",2017-11-17 11:36:46
1397000,5,"满意",2017-11-12 22:09:34
1397000,1,"超级小，和预期相比差距太大了，还无法退货。。。比较杯具",2017-11-16 16:58:22
1397000,1,"非常差的购物体验!烂，太烂! 服务超级烂",2017-11-17 17:17:48
1397000,5,"买来送给小朋友的，自己好想玩儿",2017-11-11 15:33:39
1397000,5,"收到，不是很大，还没有试飞，不知道续航能力是不是太差",2017-11-16 12:36:07
1397000,5,"试了一下有点好玩，给儿子买的",2017-11-11 11:27:23
1397000,5,"还没有搞明白怎么飞，要仔细看看说明书哈哈",2017-11-15 11:49:38
1397000,5,"这个，对频对不上啊……",2017-11-11 10:53:57
1397000,5,"不容易操作",2017-11-16 11:52:07
1397000,5,"唯一的评价里好坏参半的一个东西，其他东西看了都是好评，估计有差评都被网易给屏蔽，。就这个玩具来讲确实很小鸡蛋那么小。第二操作来说说明书要认真看，多看几遍才能稍微上手，网易应该把说明书做得更通俗易懂，有一些地方的确会看的不是很懂，容易误会！",2017-11-15 14:29:00
1397000,5,"还不错，这个价格",2017-11-11 20:31:17
1397000,5,"给孩子玩不错",2017-11-11 00:53:49
1397000,1,"这是我的第一个差评！！！彻彻底底对严选失望，小飞蛋一开始上线就已经买了，回来发现不能充电然后重新换了一个，换回来后迫不及待出去试飞，小飞蛋竟然失灵自动飞走了，无论我怎么按遥控器上的停下和一键返航也是没用，眼睁睁看着它飞走，也不知道飞到哪里去了.然后客服也说是我自己的操作问题，要我自己去找！竟然这样子对待消费者，产品开发不成熟就不应该拿出来卖的，感觉自己十分冤枉！所以劝告还没有买的朋友千万不要买，一百多虽然不贵，但是能看清严选的面目！！！失望极了！！！",2017-11-16 15:22:15
1397000,2,"充电45分钟，装逼6分钟？ 这个体验太差了，带出去不能愉快地玩耍。",2017-11-13 19:38:14
1397000,5,"和价格相符",2017-11-11 23:40:18
1397000,5,"侄女的礼物。",2017-11-11 21:40:23
1397000,5,"挺好玩",2017-11-11 15:29:50
1397000,5,"对得起价格吧",2017-11-11 01:48:52
1397000,5,"质量很好",2017-11-11 00:59:30
1397000,5,"不错哦",2017-11-11 18:40:53
1397000,5,"非常好",2017-11-11 03:28:27
1397000,5,"这种会飞的小玩具，最重要的就是耐摔，这个达标！其次是好控制，这个也达标！至于续航时间，虽然略短，但看在这么小体积的份上，也达标！最后就是，不知道该在上面画什么，脑壳痛<U+0001F926><U+200D>♂<U+FE0F>",2017-11-15 23:44:02
1397000,5,"不错",2017-11-11 20:54:22
1397000,5,"好",2017-11-11 14:08:18
1397000,5,"差",2017-11-11 12:37:10
1397000,5,"ok",2017-11-11 09:26:22
1397000,5,"bucuodedongxi",2017-11-11 06:21:09
1397000,5,"可玩性很好。要是能搭载摄影头就好了",2017-11-02 11:49:33
1397000,5,"还未见到，待朋友捎来再说。",2017-11-10 21:38:00
1397000,5,"还不错。。。。很好玩。。就是小了点",2017-11-10 16:48:32
1397000,5,"不错的东西，性价比高，关键耐摔，送朋友可以考虑",2017-10-26 11:53:57
1397000,5,"质量不错，就是不太会玩。",2017-11-10 15:34:56
1397000,5,"不错 送小朋友的礼物",2017-11-10 23:20:30
1397000,5,"好玩 继续支持严选",2017-11-10 11:52:48
1397000,5,"很好玩",2017-11-10 13:38:14
1397000,5,"非常好",2017-11-10 00:40:01
1397000,5,"好玩，东西还不错。不过就是不太稳定。",2017-11-12 22:38:50
1397000,5,"可以",2017-11-10 18:17:07
1397000,5,"喜欢！",2017-11-10 11:05:26
1397000,5,"已退",2017-11-11 20:56:22
1397000,1,"产品很鸡肋，充电45分钟只能用6分钟，大小跟鸡蛋差不多。",2017-11-11 14:22:48
1397000,4,"还行吧，一分钱一分货",2017-11-09 16:07:32
1397000,5,"还没用，用了再晒图",2017-11-09 11:42:51
1397000,5,"还行",2017-11-09 12:40:55
1397000,5,"小巧可爱！",2017-11-09 07:27:54
1397000,5,"好玩",2017-11-09 13:25:13
1397000,5,"不错",2017-11-09 11:57:19
1397000,5,"蛮好玩的，就是不太好操控",2017-11-08 12:05:01
1397000,5,"小飞蛋的充电线找不到了，能另配两根吗？这线很小，很容易找不到。否则就不能玩了。",2017-11-11 21:34:12
1397000,5,"正在熟悉中。",2017-11-08 21:04:09
1397000,5,"特别好玩，不错",2017-11-08 12:08:59
1397000,5,"好",2017-11-08 13:19:52
1397000,4,"做工凑合吧，还没试咋样，这价格也就这样了。",2017-10-23 14:17:07
1397000,5,"送人的 新奇小玩意",2017-11-07 11:04:31
1397000,5,"就是玩的不怎么好",2017-11-11 09:53:40
1397000,5,"送男孩子的好礼物",2017-11-07 10:30:21
1397000,5,"好好好好好好好",2017-11-07 13:21:42
1397000,5,"好玩，老公很喜欢。",2017-11-07 10:58:32
1397000,5,"非常喜欢",2017-11-07 13:32:02
1397000,5,"haolahaola",2017-11-07 08:49:30
1397000,5,"用来玩耍的飞蛋，还可以逗小孩",2017-11-06 19:00:27
1397000,5,"东西虽小，功能强大，还送了彩位笔",2017-11-04 15:38:52
1397000,5,"送给同事小孩的，对方很喜欢！",2017-11-06 14:22:25
1397000,5,"不错，但是不会玩",2017-11-10 03:16:45
1397000,5,"女儿很喜欢",2017-11-06 18:11:09
1397000,5,"蛮好玩儿的，就是太耗电了，只能玩一会",2017-11-10 22:15:45
1397000,3,"飞行器不好控制",2017-11-09 22:32:07
1397000,5,"好",2017-11-06 10:22:08
1397000,2,"质量一般般，退货了。遥控器和飞行器不匹配",2017-11-10 13:49:50
1397000,5,"材质稍微有点差 但是这个价格 可以了",2017-11-09 22:49:56
1397000,5,"不错挺好玩的",2017-11-05 11:39:00
1397000,5,"买来给姑娘玩的，但貌似她还操作不了，看起来挺小但是还挺生猛",2017-11-09 13:33:22
1397000,5,"做工很好，小巧精致",2017-11-04 22:30:46
1397000,5,"非常的好玩，也便于携带。",2017-11-04 15:08:29
1397000,5,"给小孩儿买的，不错",2017-11-04 13:19:03
1397000,5,"挺好玩的",2017-11-04 16:46:51
1397000,5,"不错哟",2017-11-04 18:52:55
1397000,5,"退了",2017-11-04 11:21:06
1397000,5,"操作有点难，需要时间磨合，本身配重并不平衡，一起飞就往一个方向偏，不过还是很好玩的",2017-11-09 14:43:46
1397000,3,"充电的USB始终量着红灯，和说明书上的描述不符。存在质量问题！",2017-11-09 21:17:39
1397000,5,"不错",2017-11-04 19:40:12
1397000,5,"这个特别有意思 在家逗猫",2017-11-03 22:26:13
1397000,4,"可以",2017-11-03 23:13:33
1397000,5,"很有趣的小飞弹哦 虽然学习还要一点时间",2017-10-31 18:43:45
1397000,5,"还没用，但感觉很高级",2017-11-02 17:15:28
1397000,5,"儿子超喜欢",2017-11-02 14:46:06
1397000,5,"这个飞蛋一般，价格也高",2017-11-08 13:13:21
1397000,5,"没意思",2017-11-02 00:25:46
1397000,1,"发错货物第二天就发返回去了，自订单起马上半个月都没消息无数次问人工客服都说在催在弄了。。售后效率太差了",2017-11-07 22:55:06
1397000,5,"一开始怎么都飞不了，后来认真看了才知道要对频的。小小只，蛮有趣，但要熟练还得多练习。孩子玩得开心。在家玩一直撞，摔了好多次，目前没坏。",2017-11-01 19:51:05
1397000,4,"创意很好，细节还有提高空间。飞行控制尚可，总体质量可以给4分。",2017-11-07 23:04:36
1397000,1,"商品本身就有问题，作为一个飞行器，都不具备一个飞行器应该有的特性，飞;起飞后就一头扎到地上，简直不能再垃圾了。根本就是一个废物，还要卖一百多，大家别上当了，zzzzzzzZ",2017-11-07 22:04:44
1397000,5,"东西不错，不过不耐玩，小孩已经把一根翅膀弄折了",2017-11-09 10:37:08
1397000,1,"质量粗制滥造",2017-11-07 13:06:03
1397000,5,"娃玩玩还是不错的",2017-11-01 21:13:07
1397000,5,"品质保证质量很好",2017-11-01 22:14:14
1397000,3,"非常小，布什很好控制",2017-11-08 10:37:36
1397000,5,"好玩   容易坏 撞墙就基本报废了",2017-11-06 23:30:41
1397000,5,"有点难操控",2017-11-01 23:35:39
1397000,4,"操控有点难度。",2017-11-01 14:26:13
1397000,5,"挺好的！",2017-11-01 22:37:13
1397000,5,"非常满意",2017-11-01 10:44:23
1397000,5,"很漂亮",2017-11-01 10:43:50
1397000,5,"性价比高",2017-10-31 22:43:48
1397000,5,"这个蛋蛋由于比较轻薄，在户外玩的时候切记不要的飞太高，离开自己的视界，否则你会发现一阵风过后，你就找不到了<U+0001F602><U+0001F602><U+0001F602>",2017-11-06 08:25:54
1397000,5,"老公很喜欢",2017-10-31 15:33:05
1397000,5,"还不错吧",2017-10-31 13:14:26
1397000,5,"很小的玩具。需要电池，没配的。",2017-11-06 20:14:56
1397000,5,"挺好玩的，就是电视不经用，飞行5分钟，充电2小时",2017-11-05 17:24:43
1397000,5,"还不错，不过最开始还是有困难上手的，慢慢来，创意不错。",2017-11-04 12:06:10
1397000,5,"还是耐摔，悬停感觉不太好用，还可以",2017-11-03 14:14:13
1397000,3,"充电一小时只能玩六分钟实在是太短啊……还在摸索操作中…",2017-11-02 18:46:28
1397000,5,"物品不错",2017-10-31 22:20:23
1397000,5,"还好",2017-10-31 18:31:48
1397000,5,"不错哦",2017-10-31 16:54:08
1397000,5,"不好看",2017-10-31 00:09:26
1397000,5,"飞蛋儿子很喜欢很喜欢 就是操控难",2017-10-26 22:29:32
1397000,5,"这个玩具得到了孩子的认可，操作上难度偏大。",2017-10-26 08:05:05
1397000,5,"换货速度很快，这才是严选的品质",2017-10-28 00:14:18
1397000,5,"不太好操作！",2017-11-02 23:01:56
1397000,5,"挺有趣的",2017-10-30 11:17:39
1397000,5,"孩子很喜欢",2017-10-30 09:59:47
1397000,3,"客观说，不是网易严选的水平，外观粗糙，原包装桨片安装是反的，就飞不起来！经过调整调整后可以飞了，结果再换桨片时电机居然拔掉了...........联系客服后，同意更换，这里要赞一下<U+0001F44D>！虽然质量不怎么样，但是态度很好！新的正在试验中，过几天来追评",2017-11-04 00:52:58
1397000,4,"挺好玩的，外观做工有待提高，电池续航不太满意，如果内部的可充电池能更换就好了，出门玩带四五块电池。",2017-11-03 19:32:02
1397000,5,"操控起来有难度，感觉方向很难把握。摔了几次后出现扇叶卡住现象，修修又好了。可玩性还可以，就是不知能玩多久",2017-11-02 22:27:26
1397000,5,"对得起这个价格，耐摔，就是北方风大不好操控",2017-11-02 10:13:57
1397000,5,"非常满意！",2017-10-30 21:16:05
1397000,5,"<U+0001F44C>",2017-10-30 17:50:32
1397000,5,"很好玩，就是方向飞远了不好控制",2017-11-01 20:56:32
1397000,3,"不太灵敏，操作太复杂",2017-11-01 22:25:32
1397000,5,"好玩",2017-10-30 22:51:18
1397000,5,"好用方便，屋里也能飞，就是小小的灵巧玩意",2017-10-21 12:59:03
1397000,5,"已退",2017-11-04 00:54:52
1397000,5,"有问题，已经退了",2017-11-02 14:46:30
1397000,3,"第一次收到的没有充电线和备用风叶 然后换货了 质感一般 控制不是太好",2017-11-02 09:37:30
1397000,1,"最垃圾了，放着吃灰了",2017-11-03 07:48:34
1397000,5,"下次顺便带两个九号电池就好啦",2017-10-29 17:14:26
1397000,5,"赞啊不错",2017-10-29 23:14:04
1397000,5,"没事在家飞",2017-10-28 09:02:20
1397000,5,"很好",2017-10-28 20:50:27
1397000,5,"稳定性差",2017-10-28 20:00:55
1397000,5,"很不错，就是有点不太会玩哈哈哈",2017-10-27 15:20:58
1397000,5,"出于好奇买来玩玩",2017-10-23 11:32:26
1397000,5,"出去飞了飞，还挺不错，关键是还挺便宜",2017-10-23 11:43:28
1397000,5,"买给小朋友的，创意小玩意",2017-10-27 20:35:21
1397000,5,"小巧玲珑，鸟儿一样自由飞翔，好玩，放松心情。",2017-10-27 00:01:53
1397000,3,"很普通！不好用！",2017-11-01 22:17:40
1397000,5,"朋友很喜欢",2017-10-27 10:55:14
1397000,5,"孩子喜欢",2017-10-27 22:00:55
1397000,5,"有点难度",2017-10-27 17:54:02
1397000,1,"真是垃圾的不行，飞了一次直接没了！什么气压定高什么悬停根本做不到！我升到10米左右，他一直就往前狂飞，我按自动返航也没用！直接没了！",2017-11-01 07:29:40
1397000,5,"好，很好！！！！！",2017-10-26 02:36:09
1397000,5,"可以飞",2017-10-26 21:13:52
1397000,1,"实物和图片差距太大。很失望",2017-10-31 16:16:56
1397000,3,"操作不灵活。质量像玩具。其实就是玩具。质感差。",2017-10-30 22:21:57
1397000,4,"东西挺不错的，性价比比较高。唯一不足的是物流，本来以为京东物流会很好，结果三番两次配送出现问题，很失望",2017-10-30 19:36:45
1397000,5,"还成，就是不太好控制",2017-10-31 20:47:46
1397000,5,"服务真好，说明书丢了，联系客服，马上给补了电子版，赞一个",2017-10-31 07:01:50
1397000,5,"这个小飞蛋质量不好，非常脆弱，刚打开一边翅膀就坏了，只能退货。",2017-10-30 21:12:58
1397000,1,"绝对的差评，买来还没玩，就坏了…也不知道网易严选是怎么把关的，就拿严选两字当噱头了吧",2017-10-30 11:33:01
1397000,5,"好玩",2017-10-26 20:59:17
1397000,5,"好玩",2017-10-26 01:26:36
1397000,5,"玩起来挺不错的，就是不知道为什么不平衡，安装有电池的那一部分偏重，另一边没有配重块，没法悬停，不知道是不是本来就没有配重块还是设计就是这样",2017-10-31 13:31:30
1397000,5,"好，侄儿很喜欢，正在设计怎么画图。就是玩不了多久，有点遗憾。",2017-10-30 17:12:48
1397000,5,"我的好像有问题  已经换货了",2017-10-31 09:24:11
1397000,4,"挺好玩的就是不太会控制！",2017-10-25 20:54:21
1397000,5,"好小巧可爱的宝贝，喜欢<U+0001F618>",2017-10-25 22:21:40
1397000,5,"炒鸡实用。听到儿子爽朗的笑声。我醉了！",2017-10-23 19:15:36
1397000,5,"飞行很稳，做工一般",2017-10-25 09:16:13
1397000,5,"好",2017-10-25 19:42:08
1397000,3,"操作有点复杂 飞起来后基本不听招呼",2017-10-28 14:07:45
1397000,5,"还行吧，就是飞的时间短点儿。",2017-10-30 18:58:30
1397000,5,"飞了一次，不见了",2017-10-28 14:07:00
1397000,5,"越来越觉得网易只要数量不要质量",2017-10-24 22:50:06
1397000,5,"质量一般 会有一些漂移的情况发生 娱乐一下还是可以的",2017-10-30 13:48:29
1397000,1,"太差劲了，控制不了",2017-10-29 00:47:02
1397000,5,"还没拆出来玩，买不起无人机，就这个给宝宝玩耍",2017-10-20 20:49:02
1397000,5,"换货后一切正常，按照说明书上步骤，启动 微调 玩翻滚特技，满意。

希望严选以后控制良品率，不别再发次品，看看这款飞蛋前期好评率超低哎才60%，第一次在严选买就收到次品的体验可真心不爽啊。",2017-10-30 14:27:16
1397000,5,"控制不住，不是很灵敏",2017-10-28 21:38:46
1397000,5,"玩了下，很难控制。一键起飞，飞的不平衡，马上就掉下来。要了几次都不玩了。谁要。便宜卖了。九八新！",2017-10-28 09:59:00
1397000,5,"别的无人机没玩过，网易蛋有个问题请教一下怎么让他悬停，我一加油门老是往前冲，不知道怎么回事，确实挺耐摔的。",2017-10-30 16:10:25
1397000,1,"这东西应不应该出现在严选这App里",2017-10-29 20:32:35
1397000,5,"感觉还可以 本来想送人就没拆 看了评论有点怕怕 自己试飞 还好能飞 操作需要一段时间适应 就我而言 这价位对得起价格 这东西给小孩玩的 炸机也不心疼",2017-10-24 13:54:35
1397000,5,"第一次购物，非常满意网易的",2017-10-24 11:26:06
1397000,3,"刚买就降价了但差价至今未补，联系过客户，说帮忙处理了，但...无果，这次给客服差评。",2017-10-27 23:14:57
1397000,5,"挺好玩的",2017-10-24 15:26:39
1397000,5,"有创意，很好玩",2017-10-24 10:11:18
1397000,3,"不好操作，充电没有指示灯，设计的不好。",2017-10-28 21:25:09
1397000,5,"随便玩玩吧。。",2017-10-24 11:39:20
1397000,5,"我觉得如果仔细看说明书还是很好操控的 也不怕摔超级棒 就是时间有点短呀……还有手残党不敢画 怕画完了就不想玩了<U+0001F602>强烈建议送我点贴画哈哈哈",2017-10-27 17:10:01
1397000,4,"还行",2017-10-24 20:27:55
1397000,5,"很好",2017-10-24 17:07:50
1397000,5,"很值....",2017-10-24 15:26:56
1397000,5,"还行",2017-10-24 12:11:50
1397000,5,"还不错",2017-10-24 00:00:17
1397000,5,"好",2017-10-24 03:53:30
1397000,5,"haikeyi",2017-10-24 00:01:14
1397000,4,"操控有点难，说的一键起飞，也不是垂直的，而是斜着的，反正是个小玩具，不过，讲真，很耐摔<U+0001F60A>",2017-10-28 14:07:53
1397000,5,"小朋友非常喜欢，玩的很开心……",2017-10-23 23:39:08
1397000,5,"不错不错不错不错不错吧",2017-10-23 11:16:53
1397000,5,"真心不错，孩子非常高兴",2017-10-23 07:25:26
1397000,5,"好玩，谢谢啦，",2017-10-23 14:42:49
1397000,5,"很不错",2017-10-23 19:58:33
1397000,5,"非常好！",2017-10-23 17:40:54
1397000,5,"挺有意思",2017-10-23 09:38:03
1397000,5,"好",2017-10-23 07:10:36
1397000,5,"买给12岁女儿的，这个年龄很难找到喜欢的玩具了。刚开始在家里试飞并不顺利，连续撞墙、玻璃、电视无数次，还好材质不错，居然毫发无伤，小飞蛋质量还不错！后来孩子带到楼下草坪去玩就好多了，最高居然能飞到七八层楼，吸引了众多眼球。全家赞同这是一款性价比很高的玩具，就是需要在空旷大空间来玩。唯一的期望就是能在延长一点飞行时间，不过100多的价位，我也很满意了！",2017-10-23 10:28:33
1397000,5,"很不错，很灵活，室内就可以玩，大赞",2017-10-22 18:06:13
1397000,5,"送给小侄子的，之后再来评价",2017-10-22 08:47:17
1397000,5,"操作起来还得摸索下。",2017-10-22 16:47:14
1397000,5,"很好玩，耐摔",2017-10-22 22:26:09
1397000,5,"没电啊",2017-10-22 19:13:18
1397000,5,"很不错",2017-10-22 20:19:58
1397000,5,"好玩儿",2017-10-22 16:40:55
1397000,5,"高质量的评价",2017-10-21 22:15:56
1397000,5,"超级耐摔。",2017-10-21 18:14:06
1397000,4,"小朋友超喜欢",2017-10-21 12:22:36
1397000,5,"非常舒服，",2017-10-21 14:18:51
1397000,5,"收到货，孩子和爸爸饭都顾不上吃就玩开了，爸爸摸索半天玩的差不多能得心应手了，孩子两岁多还不会遥控，指挥着爸爸让飞蛋上下翻滚，买的值了，给大宝小宝带来很多乐趣",2017-10-20 22:55:17
1397000,5,"好好好好好好好",2017-10-20 14:39:35
1397000,5,"挺可爱的",2017-10-20 23:06:13
1397000,5,"不错不错不错",2017-10-20 22:18:31
1397000,5,"玩不转",2017-10-20 19:35:40
1397000,4,"还没拆",2017-10-20 10:45:10
1397000,5,"好可爱",2017-10-20 21:14:25
1397000,5,"好",2017-10-20 20:37:50
1397000,5,"好",2017-10-20 19:34:32
1397000,5,"(<U+0E51><U+2022><U+0300><U+3141><U+2022><U+0301><U+0E05>)",2017-10-19 11:21:15
1397000,5,"还在摸索",2017-10-19 18:43:44
1397000,5,"时间稍短，其他都不错",2017-10-27 08:19:21
1397000,5,"其实用着没啥意思，做工也挺粗糙的",2017-10-27 00:45:32
1397000,2,"只能飞五分钟就没电了。不是个成熟的产品。算不上无人机。遥控小玩具罢了。",2017-10-26 22:48:25
1397000,5,"涂鸦有点意思，遥控器木有电池，要自己买",2017-10-26 19:31:50
1397000,4,"价钱不高所以没太失望。确实能飞起来，挺可爱的。",2017-10-26 10:46:55
1397000,1,"不易使用，对频对不上。一键返回乱飞",2017-10-26 08:51:13
1397000,1,"垃圾垃圾真的，劣质塑料，地边摊20的品质，真的垃圾，遥控完全不灵，按了半天没动静，又突然起飞，操作延迟严重，完全没法玩，在网易严选购买过的唯一失望的东西，还不让退货，太恶心了。这么垃圾的东西也能够上，好好查查采购员是不是拿了回扣吧。",2017-10-25 23:05:02
1397000,1,"这个真的太不好了，真的很差劲，特别不好，真的别买",2017-10-25 21:20:23
1397000,5,"很难操作，价格便宜。",2017-10-25 20:25:21
1397000,3,"说明书是不是太复杂了",2017-10-25 19:30:40
1397000,5,"垃圾",2017-10-25 16:28:56
1397000,3,"做工粗糙 控制不好",2017-10-25 15:36:23
1397000,3,"一般",2017-10-25 12:37:20
1397000,1,"首先是不能悬停 乱跑 然后对码又对不上 客服什么也不懂",2017-10-25 09:59:51
1397000,2,"这个无力吐槽，太失败了，懒得退货，当摆设吧",2017-10-25 06:15:58
1397000,5,"一百多块的小飞机也算是值了，上手不太容易但是一旦上手了还挺好玩的，稳定性什么的真的不能和专业的比，但是当个玩具玩玩还是不错的，我真是个灵魂画师。",2017-10-24 17:33:21
1397000,5,"我的蛋，就这么飞走了<U+0001F62D>蓝瘦香菇，你为什么这么对我<U+0001F62D><U+0001F62D>就剩一个遥控器了<U+0001F62D><U+0001F62D><U+0001F62D>",2017-10-24 15:44:27
1397000,1,"塑料感很强，实物与图片差好多，操作性也不强，不推荐购买。",2017-10-24 14:47:41
1397000,3,"没有想像中的好",2017-10-24 12:57:13
1397000,5,"遥控器不灵光，老是卡的，不容易掌握飞行，蛋体材质还是不错，抗摔。",2017-10-24 08:49:39
1397000,5,"塑料的",2017-10-23 23:38:27
1397000,2,"说明书掉了怎么办<U+0001F631>？没有客服帮忙怎么解决！看着不能玩啊。",2017-10-23 22:39:05
1397000,1,"这是在严选上第一次买到失败的东西。先说做工，粗糙得和路边小摊的玩具一样。飞蛋操控不灵敏，处于有时能控有时不能控状态。价格偏贵，相同档次的玩具肯定超不过50元。要买的谨慎考虑。",2017-10-23 22:35:46
1397000,1,"才用了一天，就没用了",2017-10-23 22:31:33
1397000,5,"这个。。。说实话吧，第一感觉是实物没有图片上的高端可爱，塑料感比较强。还没有飞过，等飞过了再来追评",2017-10-23 22:28:09
1397000,5,"纯粹买来好玩的
几个缺点：1、降落太粗糙了，每次降落都是事故现场
2、对新手不太友好，上手有点慢
3、操控性能较差，每次一启动就飞没影了，而且不好控制
不过我还是决定给五星，毕竟一分价钱一分货，对得起这个价格了。建议网易可以多上点这种小东西",2017-10-23 21:25:02
1397000,5,"不是很好操作",2017-10-23 19:53:14
1397000,1,"根本无法对频，无人机也不是第一次玩，被这款整得毫无脾气，火的来差点想一脚踩烂。
客服让换货，强烈要求换货开箱测试ok后寄出!!!!!!!!!!我可以接受开箱测试过的合格品，但绝对无法接受换货后又是次品(－＂－怒)",2017-10-23 18:24:31
1397000,5,"刚开始有些难控制，不过认真研究就好",2017-10-23 17:43:56
1397000,5,"没有预期的好。塑料廉价感太强。做工也不好。",2017-10-23 14:25:57
1397000,1,"有严重的质量问题，其中两个翅膀的卡扣在收到货物的时候是断的，已经申请换货，看看服务怎么样后续追加评论",2017-10-23 11:59:30
1397000,2,"物流非常慢，在网易严选买东西以来最慢的一次，五天商品从东莞才到广州。产品质感很差，就像路边摊的小玩具一样，照片完全显示了实际情况，在严选上买东西一年多来最糟糕的一次购物体验",2017-10-23 11:43:43
1397000,3,"可以飞行，但不稳，不能在一个点悬浮不动，总会前后、左右或上下的动，微调可以起作用，但总调不到平衡； 飞行时间太短，还没玩爽就没电了，而且遥控器也挺费电的； 要想飞好还是要点诀窍的，刚开始飞时，总是撞机，万幸这小飞蛋还行，撞了那么多次都没坏，合拢之后继续飞，飞行时一定要注意它的方向，不然就没法控制它的方向，总的来说，这小飞蛋一般，不过这价格也就不计较什么了，但心里对严选东西的&#34;严选&#34;已经打了一个折了",2017-10-23 10:39:06
1397000,4,"首次在这购物，卖家发货快，快递也很快。在这购物不满意的是，不能同卖家对话。我好奇买个玩玩，直升机玩过，这种机没玩过，看过说明书瞎了眼，新科技新手很难操纵。使用前那套调试这夠你玩，建议新手首次玩不能离地面太高，并且要在草坪玩，你懂的！",2017-10-23 07:56:22
1397000,2,"做工粗糙不符合严选的风格",2017-10-23 02:28:27
1397000,5,"控制不容易，有风基本就不能控制了",2017-10-22 22:56:33
1397000,3,"很粗糙，看着不精致，凑合吧",2017-10-22 22:34:38
1397000,1,"操控性不好，好多功能都不好用，一键导航，悬停都不好用，觉得比较坑",2017-10-22 20:40:14
1397000,3,"操控不灵，导致撞了几次墙，然后一个臂就歪了，虽然其他部分都正常，但是因为不对称再也飞不起来了",2017-10-22 20:39:34
1397000,5,"实物看上去没有图片那么好，很费电，一会儿就没电了",2017-10-22 20:22:57
1397000,4,"比较客观的说，对于严选的一贯质素来讲，这个小JJ略微有些失望。广告的宣传和严选的口碑让我没有管理好我的期望值。但是小JJ也没有那么不堪，飞个航线还是可以的，百十来块钱的小东东也可以了，要是能单独换<U+0001F50B>可还行，这充电2小时，通话5分钟有点儿受不鸟。另外这Diy还真不如弄点贴纸的好，避免画风惨不忍睹",2017-10-22 19:17:01
1397000,5,"操控不容易上手啊，感觉要被我弄坏的节奏，不停磕碰撞",2017-10-22 18:19:07
1397000,1,"第一次对严选失望，是不是也想走淘宝路线了？快递变成了慢递，东西我就不说了，看看评论区吧！",2017-10-22 16:48:57
1397000,5,"我用自带的颜料涂了四种颜色，没有那本事画成彩蛋油画。产品外观是PC颗粒的原色，所以评论里面有说太粗糙，在等待收货过程中我很担心。收到货以后，我研究了一下，原来是故意留给用户的DIY区。充电后，也在小区里玩了几次，个人不熟悉如何操作，几次掉进密集的树丛里，把小孩急的。作为玩具，还是非常棒的，搞一套帖子啥的",2017-10-22 16:27:56
1397000,2,"一直信赖严选，网易智造的东西也买了不少… 这次真的是失望了！本来满怀期待的打开包装，结果发现飞蛋的电板是这样的（看图）然后试飞了下，完全没有方向感，各种到处乱闯… 不知道是不是因为电板凸出来的原因，导致不平衡… 哎，第一次给差评！希望也是最后一次！",2017-10-22 16:04:13
1397000,3,"且不说这塑料的廉价感与商品图之间的巨大差距，第一次玩我就眼睁睁地看着它飞远了…一键返航毫无用处",2017-10-22 15:11:21
1397000,1,"无法对频",2017-10-22 13:57:08
1397000,4,"无人机这个事，本来也准备拒收退货，无奈网易不同意，感觉不舒服，售后还是很粗暴，没有具体问题具体分析。收货时刚好不在家，就收了。发现也没有差评说的那么差，但也没有广告说的那么好，其实不如诚实些，100元以内价格比较对的起这个质量和做工。在此预言此款无人机最终会以100元以下价格清仓。网易的采购团队水平有高有低，要认真鉴别",2017-10-22 13:42:07
1397000,5,"说明书关于充电指示灯问题写反了！！！
写反了！写反了！
不过看到这么多人差评，希望大家对小飞蛋多点耐心，个人觉得它还是个很不错的产品，希望严选能够多出一些这样的东西。",2017-10-22 12:59:48
1397000,5,"真的好小个，鸡蛋大小，试飞了一下，操作挺简单的，控制性不错，就是续航能力短，只能飞几分钟而已，比较意外的是，配了颜料，可以个性化涂鸦，想怎么涂就怎么涂，哈哈哈！！！",2017-10-22 12:34:49
1397000,5,"挺好玩的，还送画笔，操作666的，实际可玩时间大于六分钟",2017-10-22 12:10:21
1397000,5,"没图片上那么好看，上手容易，挺好玩的",2017-10-22 11:47:35
1397000,3,"太小了，不值这个价<U+0001F623>",2017-10-22 11:08:51
1397000,1,"第一次用，碰了几次，摔坏了。快递也很慢",2017-10-22 11:06:34
1397000,2,"操作太复杂了，小朋友基本不会玩。用不了几次就无法启动，太失望了",2017-10-22 08:18:26
1397000,5,"上手还挺难操作的，使用说明希望能做的简单点。",2017-10-21 22:24:49
1397000,5,"很好玩，就是不会操作总是摔下来！",2017-10-21 22:20:14
1397000,5,"控制有点难",2017-10-21 21:21:08
1397000,1,"第一时间买的，等货中看到很多差评，所以提前联系客服如何退货，客服告诉我先接货，然后申请上门取货，我照做了，结果退货申请被拒绝了，我是不是被耍了？",2017-10-21 21:08:21
1397000,1,"残次品，充电时没有提示看不出，准备就绪无法起飞，有损严选声誉的厂家该下架了，我要退货",2017-10-21 19:07:34
1397000,3,"一分钱一分货 玩两下可以",2017-10-21 18:25:26
1397000,5,"蛮好玩的，好耐撞，就是要好好学习说明书…希望说明书能做简明些",2017-10-21 18:06:13
1397000,4,"没有电池，真的就是鸡蛋那么大，总体还可以，正在充电研究中。",2017-10-21 16:10:29
1397000,2,"拿在手里感觉就是一个廉价小玩具，跟图片完全两样好吗，还不能退。我买个大的模型飞机也才150元，这东西感觉只值三十块钱……",2017-10-21 16:00:00
1397000,2,"醉了(<U+203A>′ω`<U+2039> )这是严选的东西？！",2017-10-21 15:46:16
1397000,1,"唯一的差评，在严选上面买的，说明书都没有，因为送了个福袋，结果连退货都不可以。恶心，还不配电池这些。严选买了这么多次东西，这个真的很差评，差评，差评",2017-10-21 15:15:09
1397000,1,"不想说了，能烂到这种地步还卖这么贵。研究了好久，就飞了一次，转了好久，就平地移动。真是逗了。这种东西都能进严选，我也不知道你们严选是怎么选的。失望",2017-10-21 15:09:30
1397000,1,"被图片欺骗 完全不值这个价",2017-10-21 13:00:00
1397000,1,"满满的期待，却是无尽的失望，材质也太次了……关键转也不转，飞也不飞……真想一脚下去给个痛快……",2017-10-21 09:58:08
1397000,5,"还不错，就是遥控器跟飞行器老连不上，有什么好的办法解决吗？",2017-10-21 09:37:11
1397000,5,"我觉得还行，虽然下午收到货到现在已经有一个翅合不住了，但想想也就百十块钱，玩具而已，不要要求太高",2017-10-20 23:13:17
1397000,4,"好玩，但是操控性比较差，飞着飞着就跑偏了，遥控器往往方向不对不好调整。飞行时间6分钟，玩具而已，开心就行。",2017-10-20 22:14:06
1397000,1,"这是我在严选买过最烂的东西，这个东西根本不应该上架，完全没法操控，稍微起飞一下就往下掉，根本无法悬停，遥控也是各种无法操作，看了大家的评论才知道这东西真的太坑了，然后给孩子按了一下遥控器整个飞机直接往空中一直飞去，一直飞去然后直接掉到别人楼顶拿不下来了，只剩下一个遥控器了，我想退货可是没有货了。",2017-10-20 21:52:54
1397000,3,"一般般 物流也慢",2017-10-20 19:48:00
1397000,1,"对频不上啊。怎么搞的。",2017-10-20 19:26:01
1397000,5,"买的时候，还没有什么评价，在等快递的时候，评价多了很多，且多是差评，各种问题，一直犹豫着要不要退货……后来想想就100多块钱，索性试试看了……
试下来发现，容易上手，两次后已经可以在家里拐弯进房间了。性价比确实不错，可玩性很高，网易严选还是值得信任的！
接下来就是教会孩子来玩@",2017-10-20 18:47:07
1397000,1,"非常差劲，做工粗糙，设计感还是不错",2017-10-20 17:47:57
1397000,3,"东西很耐摔  就是操控太难了",2017-10-20 16:18:39
1397000,5,"还行吧。就是做工粗糙了点。  瞎画了半天才画完<U+0001F604>",2017-10-20 16:16:03
1397000,5,"买回来的这么多天，其实我是绝对的给差评的，原因不多说了，看其他人评论都说了。但是今天我给了好评。原因：1.大家的标准过高，拿大疆和和飞蛋对比，看价钱，这不公平。2.从淘宝同价位飞机玩具对比，这是绝对碾压的性价比，所以我好评。3.涂鸦很好玩，我设计了前后两个角度不同表情。4.不看说明书就说无法操控的要检讨，我现在可以翻跟头了",2017-10-20 15:11:04
1397000,5,"说真的 很想退货 可是涂了颜色 在网易严选买这么多东西 这个最差！",2017-10-20 11:38:09
1397000,1,"如果已经发货了，那就直接发吧，我也就入手了。昨天退货是因为评价确实不好。",2017-10-20 10:36:25
1397000,4,"做工很一般，塑料很粗糙。",2017-10-20 09:31:48
1397000,1,"材质太差",2017-10-20 06:34:56
1397000,3,"跟说明书上的方向相反 起飞的时候控制向上却向前上方 而且不能悬停 便宜东西 逗个乐 不当真",2017-10-20 01:03:01
1397000,3,"很一般",2017-10-20 00:54:09
1397000,1,"第一天收到 赶紧户外试了试 差点没给我飞到别人的工厂里面去. 1. 说明书有问题, 充电时红灯亮, 充满电是不亮的 说明书里是反着的.说是户内户外均可使用 户外都操控不了 更不用说室内了 谁要是室内能操控了 还请高手指点 2. 一键返航根本用不了 真是越飞越远. 3. 操控起来太难了 不论是左右方向 还是上下升降 都不能灵敏操控. 4. 飞弹的指示灯一直处于常亮或者闪烁状态 本来就最多飞6分钟 指示灯耗电多. 5. 想平稳着陆几乎是不可能的 每次必然是自己碰倒发动机自己憋停. 以上所说均是再看了网友评论后得到一致的结果后发出, 确实是购买严选最差的一次购物体验.",2017-10-19 23:44:39
1397000,1,"买过最差劲的玩意。描述的天花乱坠什么悬浮360乱七八糟的，实际飞起来就歪",2017-10-19 23:41:07
1397000,5,"不是特别喜欢.。。。。。。。。",2017-10-19 22:53:13
1397000,1,"告诉大家一件很尴尬的事情，如照片所示，东西刚拆包，飞了两分钟……然后……小蛋蛋消失在夜空中……最后听夜钓的人说，往湖中央飞去了……去了了……
现在只剩下了遥控器和包装盒……没有了蛋……
这个遥控器根本没用，一键返回按了之后，小蛋蛋越飞越远……剩下了我和同事一脸的尴尬……",2017-10-19 22:03:57
1397000,5,"不错",2017-10-19 21:42:56
1397000,5,"good",2017-10-19 21:29:14
1397000,4,"图片与实物不符",2017-10-19 20:47:59
1397000,1,"做工粗糙 控制只是摆设 只会乱飞 有一点值得肯定 耐摔 塑料感太强 一看就觉得不值 真心差评",2017-10-19 20:44:02
1397000,1,"做工最多两分，第二我只想说严选的东西，我一向都是爱的，但在严选买过的两样东西，我真的是无力吐槽，第一就是电动搅拌机，我的妈呀，你不防水，就算了，我不小心沾到一点点水，到了第二天机器就开始失灵了，弄弄又好了，过几天又坏了，想想严选的东西基本都蛮好的，30多的搅拌机不好，就当自己傻屄吧，可这个无人机更是比搅拌机还想吐槽。",2017-10-19 20:27:40
1397000,5,"不错",2017-10-19 19:30:57
1397000,1,"我收到的这个东西看起来是个二手货，我不知道其他人收到的包装是怎么样的，我的是没有塑封，只有在盒子活动的地方有一个圆形透明贴，打开以后里面的飞蛋有灰尘和泥渍。而且遥控器是打开的状态，这不符合电子产品的包装特型，更何况是螺旋桨打开以后居然有一小团脏东西。",2017-10-19 19:27:31
1397000,5,"好",2017-10-19 18:40:58
1397000,5,"不错",2017-10-19 18:24:51
1397000,4,"还行，价格在哪摆着呢。",2017-10-19 18:15:55
1397000,5,"在充电还没用，如果没有折扣的话买这个有点不划算。",2017-10-19 17:40:32
1397000,3,"有点儿太粗糙了！完全不符合严选的标准！你可以涨价，但是不能粗糙",2017-10-19 12:08:05
1397000,2,"真心难以操控，描述名不符实，虽说价格不高，但是体验太差。一键起飞在室内无风环境都各种跑偏。这种东西就不要上了，伤感情。",2017-10-19 11:12:39
1397000,5,"从没上架就一直关注了，毕竟作为一款初学者使用的应该不错，很满意",2017-10-19 10:23:44
1397000,1,"飞行器做工粗糙，遥控器做工粗糙。能飞起，不可控。一直乱飞状态，无法悬停，基本属于坑人骗钱产品。第一次对网易严选的产品表示失望。",2017-10-19 09:59:14
1397000,2,"对不
上频，遥控指示灯快速红灯闪烁，连不上飞行器。",2017-10-18 23:08:29
1397000,1,"入坑以来最失望的一次购物，飞机和遥控器做工实在太差，遥控器的电池竟然需要螺丝刀起了螺丝后才能装，飞机确实能飞起来，但是操控巨烂，只会一直向前飞，不会后退，也不能悬停，左右方向是反的，看了下其他顾客的评论，大部分都是一样的差评，真的失望",2017-10-18 23:03:47
1397000,1,"做工很差，完全飞不起来，指示灯也乱标，看了半天说明书才看懂，飞不起来意思就是没电，但是我不论怎么充灯总是亮的，也就是充满状态。不知道这样差的产品怎么进的严选，说实话有点砸网易招牌了，不知道支不支持退货。我可以出邮费。晚上刚拆的，零件没动。",2017-10-18 22:13:17
1397000,1,"对频根本对不上，只是刚开始对上过一次，后来根本无法对频",2017-10-18 22:07:19
1397000,1,"真的太垃圾了 遥控器就是个摆设嘛 各种撞",2017-10-18 19:53:46
1397000,2,"不知道怎么说，遥控器间歇的失灵，小飞蛋控制难度大，基本处于乱飞的状态，做工粗糙，反正也就那点钱吧。不知道能不能退货。<U+0001F613>",2017-10-18 19:15:23
1397000,3,"电池配重问题有点大，基本上开机都是乱飞，很难稳定飞",2017-10-18 16:39:27
1397000,1,"做工粗糙，还不如奥迪双钻家出的飞机，难超控不适合小孩~以后这种垃圾作品就不要发布了，网易严选慢慢变成不严选了~~~太太太垃圾了~最多价值45 不能再多了~上当",2017-10-18 16:28:36
1397000,2,"作为有无人机驾照的人，这个蛋飞机是完全无法掌控，太难操控了，一起动就飞没影了，微调似乎也没什么效果，钱算是打水漂了",2017-10-18 16:17:52
1397000,2,"开关都失灵 感觉品质很一般，质感粗糙",2017-10-18 14:00:53
1397000,2,"已经飞起来了
1.工艺太粗糙（螺丝钉用的太差，不容易拧，没有配电池，非常不方便）。包装盒没有网易严选其他商品精美。
2.说明说有问题，先开遥控开关再开飞行器基本连接不上。得关一次遥控再开遥控才能联系。
3.最主要的问题：基本就不能自然降落和悬停。一定得撞一下，或者长按急停键才能降落下来。自动返回是搞笑的，按了跑的更快，撞着人了，和我理论了一番。室内容易撞着东西。出去稍微有点风就被吹得走。
4.遥控器太难看（价格不高，但是做成白色会好看点）
总的来说，飞了三次，不到十分钟，飞行器就有点问题了。起飞时会往一边倒。估计是撞的。但没办法不撞，安全迫降。
希望网易严选以后不要把这种产品上架。",2017-10-18 13:30:57
1397000,1,"实用性太低了，充电45分钟，飞6分钟
遥控器还要用两节电池，
这价格149，还不如设计一些更完善的",2017-10-18 10:32:50
1397000,5,"试用效果不错，还在摸索中",2017-10-17 22:16:03
1397000,5,"看了一下，充完电还没用。我想说严选的东西也就那样吧。反正我买了这么些东西，真正精致的很少。这个玩具给儿子玩不错，可以直接动手涂涂画画，然后能遥控，创意很好。创造类的玩具，做工粗燥。当然，给儿子买玩具关键是数量。",2017-10-19 22:55:21
1397000,5,"还不会操作，小巧玲珑的，周末去试试",2017-10-18 06:39:23
1397000,5,"抗摔",2017-10-18 18:23:46
1397000,5,"还好了！！！！",2017-10-17 10:43:21
